# ahalo =    1.000 astart =    0.091
# number of levels  150
#   jlev                a                   z                   t/Gyr               tlkbk/Gyr
     1                1.0000E+00          0.0000E+00          1.3810E+01          0.0000E+00
     2                9.9198E-01          8.0874E-03          1.3693E+01          1.1644E-01
     3                9.8395E-01          1.6307E-02          1.3576E+01          2.3338E-01
     4                9.6817E-01          3.2879E-02          1.3345E+01          4.6494E-01
     5                9.5263E-01          4.9722E-02          1.3115E+01          6.9464E-01
     6                9.3735E-01          6.6840E-02          1.2887E+01          9.2243E-01
     7                9.2231E-01          8.4237E-02          1.2661E+01          1.1483E+00
     8                9.0751E-01          1.0192E-01          1.2438E+01          1.3721E+00
     9                8.9295E-01          1.1989E-01          1.2216E+01          1.5939E+00
    10                8.7862E-01          1.3815E-01          1.1996E+01          1.8136E+00
    11                8.6452E-01          1.5671E-01          1.1778E+01          2.0312E+00
    12                8.5065E-01          1.7557E-01          1.1563E+01          2.2466E+00
    13                8.3700E-01          1.9474E-01          1.1350E+01          2.4598E+00
    14                8.2357E-01          2.1422E-01          1.1139E+01          2.6708E+00
    15                8.1036E-01          2.3402E-01          1.0930E+01          2.8794E+00
    16                7.9736E-01          2.5414E-01          1.0724E+01          3.0858E+00
    17                7.8456E-01          2.7460E-01          1.0520E+01          3.2898E+00
    18                7.7197E-01          2.9538E-01          1.0318E+01          3.4914E+00
    19                7.5959E-01          3.1650E-01          1.0119E+01          3.6907E+00
    20                7.4740E-01          3.3797E-01          9.9222E+00          3.8874E+00
    21                7.3541E-01          3.5979E-01          9.7279E+00          4.0817E+00
    22                7.2361E-01          3.8196E-01          9.5361E+00          4.2735E+00
    23                7.1200E-01          4.0450E-01          9.3468E+00          4.4628E+00
    24                7.0057E-01          4.2740E-01          9.1601E+00          4.6496E+00
    25                6.8933E-01          4.5068E-01          8.9759E+00          4.8338E+00
    26                6.7827E-01          4.7433E-01          8.7943E+00          5.0154E+00
    27                6.6739E-01          4.9837E-01          8.6153E+00          5.1944E+00
    28                6.5668E-01          5.2281E-01          8.4389E+00          5.3708E+00
    29                6.4614E-01          5.4764E-01          8.2651E+00          5.5446E+00
    30                6.3578E-01          5.7288E-01          8.0939E+00          5.7158E+00
    31                6.2558E-01          5.9853E-01          7.9254E+00          5.8843E+00
    32                6.1554E-01          6.2459E-01          7.7595E+00          6.0502E+00
    33                6.0566E-01          6.5109E-01          7.5962E+00          6.2135E+00
    34                5.9594E-01          6.7801E-01          7.4356E+00          6.3741E+00
    35                5.8638E-01          7.0537E-01          7.2776E+00          6.5321E+00
    36                5.7697E-01          7.3318E-01          7.1222E+00          6.6875E+00
    37                5.6772E-01          7.6144E-01          6.9695E+00          6.8402E+00
    38                5.5861E-01          7.9017E-01          6.8193E+00          6.9903E+00
    39                5.4964E-01          8.1936E-01          6.6718E+00          7.1378E+00
    40                5.4083E-01          8.4903E-01          6.5269E+00          7.2828E+00
    41                5.3215E-01          8.7918E-01          6.3846E+00          7.4251E+00
    42                5.2361E-01          9.0982E-01          6.2448E+00          7.5648E+00
    43                5.1521E-01          9.4096E-01          6.1076E+00          7.7021E+00
    44                5.0694E-01          9.7262E-01          5.9729E+00          7.8367E+00
    45                4.9881E-01          1.0048E+00          5.8408E+00          7.9689E+00
    46                4.9080E-01          1.0375E+00          5.7111E+00          8.0985E+00
    47                4.8293E-01          1.0707E+00          5.5839E+00          8.2258E+00
    48                4.7518E-01          1.1045E+00          5.4592E+00          8.3505E+00
    49                4.6756E-01          1.1388E+00          5.3369E+00          8.4728E+00
    50                4.6005E-01          1.1737E+00          5.2169E+00          8.5928E+00
    51                4.5267E-01          1.2091E+00          5.0994E+00          8.7103E+00
    52                4.4541E-01          1.2451E+00          4.9842E+00          8.8255E+00
    53                4.3826E-01          1.2817E+00          4.8713E+00          8.9384E+00
    54                4.3123E-01          1.3190E+00          4.7606E+00          9.0490E+00
    55                4.2431E-01          1.3568E+00          4.6523E+00          9.1574E+00
    56                4.1750E-01          1.3952E+00          4.5462E+00          9.2635E+00
    57                4.1080E-01          1.4342E+00          4.4423E+00          9.3674E+00
    58                4.0421E-01          1.4739E+00          4.3405E+00          9.4692E+00
    59                3.9773E-01          1.5143E+00          4.2409E+00          9.5688E+00
    60                3.9135E-01          1.5553E+00          4.1433E+00          9.6663E+00
    61                3.8507E-01          1.5970E+00          4.0479E+00          9.7618E+00
    62                3.7889E-01          1.6393E+00          3.9545E+00          9.8552E+00
    63                3.7281E-01          1.6823E+00          3.8630E+00          9.9466E+00
    64                3.6683E-01          1.7261E+00          3.7736E+00          1.0036E+01
    65                3.6094E-01          1.7705E+00          3.6861E+00          1.0124E+01
    66                3.5515E-01          1.8157E+00          3.6004E+00          1.0209E+01
    67                3.4945E-01          1.8616E+00          3.5167E+00          1.0293E+01
    68                3.4384E-01          1.9083E+00          3.4348E+00          1.0375E+01
    69                3.3833E-01          1.9557E+00          3.3547E+00          1.0455E+01
    70                3.3290E-01          2.0039E+00          3.2763E+00          1.0533E+01
    71                3.2756E-01          2.0529E+00          3.1998E+00          1.0610E+01
    72                3.2230E-01          2.1027E+00          3.1249E+00          1.0685E+01
    73                3.1713E-01          2.1533E+00          3.0516E+00          1.0758E+01
    74                3.1204E-01          2.2047E+00          2.9801E+00          1.0830E+01
    75                3.0703E-01          2.2570E+00          2.9101E+00          1.0900E+01
    76                3.0211E-01          2.3101E+00          2.8417E+00          1.0968E+01
    77                2.9726E-01          2.3640E+00          2.7749E+00          1.1035E+01
    78                2.9249E-01          2.4189E+00          2.7095E+00          1.1100E+01
    79                2.8780E-01          2.4746E+00          2.6457E+00          1.1164E+01
    80                2.8318E-01          2.5313E+00          2.5833E+00          1.1226E+01
    81                2.7864E-01          2.5889E+00          2.5224E+00          1.1287E+01
    82                2.7417E-01          2.6474E+00          2.4628E+00          1.1347E+01
    83                2.6977E-01          2.7069E+00          2.4046E+00          1.1405E+01
    84                2.6544E-01          2.7673E+00          2.3477E+00          1.1462E+01
    85                2.6118E-01          2.8288E+00          2.2922E+00          1.1517E+01
    86                2.5699E-01          2.8912E+00          2.2379E+00          1.1572E+01
    87                2.5287E-01          2.9547E+00          2.1849E+00          1.1625E+01
    88                2.4881E-01          3.0192E+00          2.1331E+00          1.1677E+01
    89                2.4482E-01          3.0847E+00          2.0825E+00          1.1727E+01
    90                2.4089E-01          3.1513E+00          2.0331E+00          1.1777E+01
    91                2.3702E-01          3.2190E+00          1.9848E+00          1.1825E+01
    92                2.3322E-01          3.2878E+00          1.9377E+00          1.1872E+01
    93                2.2948E-01          3.3577E+00          1.8917E+00          1.1918E+01
    94                2.2580E-01          3.4288E+00          1.8467E+00          1.1963E+01
    95                2.2217E-01          3.5010E+00          1.8028E+00          1.2007E+01
    96                2.1861E-01          3.5744E+00          1.7599E+00          1.2050E+01
    97                2.1510E-01          3.6490E+00          1.7180E+00          1.2092E+01
    98                2.1165E-01          3.7248E+00          1.6771E+00          1.2133E+01
    99                2.0825E-01          3.8018E+00          1.6372E+00          1.2172E+01
   100                2.0491E-01          3.8801E+00          1.5982E+00          1.2211E+01
   101                2.0162E-01          3.9597E+00          1.5601E+00          1.2250E+01
   102                1.9839E-01          4.0406E+00          1.5229E+00          1.2287E+01
   103                1.9521E-01          4.1228E+00          1.4866E+00          1.2323E+01
   104                1.9207E-01          4.2063E+00          1.4512E+00          1.2358E+01
   105                1.8899E-01          4.2912E+00          1.4166E+00          1.2393E+01
   106                1.8596E-01          4.3775E+00          1.3828E+00          1.2427E+01
   107                1.8298E-01          4.4652E+00          1.3498E+00          1.2460E+01
   108                1.8004E-01          4.5543E+00          1.3175E+00          1.2492E+01
   109                1.7715E-01          4.6449E+00          1.2861E+00          1.2524E+01
   110                1.7431E-01          4.7369E+00          1.2554E+00          1.2554E+01
   111                1.7151E-01          4.8305E+00          1.2254E+00          1.2584E+01
   112                1.6876E-01          4.9256E+00          1.1961E+00          1.2614E+01
   113                1.6605E-01          5.0222E+00          1.1676E+00          1.2642E+01
   114                1.6339E-01          5.1204E+00          1.1397E+00          1.2670E+01
   115                1.6077E-01          5.2202E+00          1.1124E+00          1.2697E+01
   116                1.5819E-01          5.3216E+00          1.0858E+00          1.2724E+01
   117                1.5565E-01          5.4247E+00          1.0599E+00          1.2750E+01
   118                1.5315E-01          5.5295E+00          1.0345E+00          1.2775E+01
   119                1.5069E-01          5.6360E+00          1.0098E+00          1.2800E+01
   120                1.4828E-01          5.7442E+00          9.8566E-01          1.2824E+01
   121                1.4590E-01          5.8542E+00          9.6209E-01          1.2848E+01
   122                1.4356E-01          5.9659E+00          9.3908E-01          1.2871E+01
   123                1.4125E-01          6.0795E+00          9.1661E-01          1.2893E+01
   124                1.3899E-01          6.1950E+00          8.9469E-01          1.2915E+01
   125                1.3676E-01          6.3123E+00          8.7328E-01          1.2936E+01
   126                1.3456E-01          6.4315E+00          8.5238E-01          1.2957E+01
   127                1.3240E-01          6.5527E+00          8.3199E-01          1.2978E+01
   128                1.3028E-01          6.6759E+00          8.1208E-01          1.2998E+01
   129                1.2819E-01          6.8010E+00          7.9264E-01          1.3017E+01
   130                1.2613E-01          6.9283E+00          7.7367E-01          1.3036E+01
   131                1.2411E-01          7.0575E+00          7.5515E-01          1.3055E+01
   132                1.2212E-01          7.1889E+00          7.3707E-01          1.3073E+01
   133                1.2016E-01          7.3225E+00          7.1943E-01          1.3090E+01
   134                1.1823E-01          7.4582E+00          7.0220E-01          1.3107E+01
   135                1.1633E-01          7.5961E+00          6.8539E-01          1.3124E+01
   136                1.1447E-01          7.7363E+00          6.6898E-01          1.3141E+01
   137                1.1263E-01          7.8787E+00          6.5296E-01          1.3157E+01
   138                1.1082E-01          8.0235E+00          6.3732E-01          1.3172E+01
   139                1.0904E-01          8.1707E+00          6.2206E-01          1.3188E+01
   140                1.0729E-01          8.3202E+00          6.0716E-01          1.3203E+01
   141                1.0557E-01          8.4722E+00          5.9262E-01          1.3217E+01
   142                1.0388E-01          8.6266E+00          5.7843E-01          1.3231E+01
   143                1.0221E-01          8.7836E+00          5.6457E-01          1.3245E+01
   144                1.0057E-01          8.9432E+00          5.5105E-01          1.3259E+01
   145                9.8958E-02          9.1053E+00          5.3785E-01          1.3272E+01
   146                9.7370E-02          9.2701E+00          5.2497E-01          1.3285E+01
   147                9.5808E-02          9.4376E+00          5.1239E-01          1.3297E+01
   148                9.4270E-02          9.6078E+00          5.0011E-01          1.3310E+01
   149                9.2758E-02          9.7808E+00          4.8813E-01          1.3322E+01
   150                9.1270E-02          9.9565E+00          4.7644E-01          1.3333E+01
