#  z               t/Gyr               f_unresolved        f_hot               f_cold              f_stars             f_lost              fM_SMBH(mrgr)       fM_SMBH(dskstab)    fM_SMBH(halofb)     fz_hot              fz_cold             fz_stars            fz_lost             fdot_cool           fzdot_cool          fdot_outflow        fzdot_outflow       sfr(tot)/V          sfr(cts)/V          sfr(bst,mrgr)/V     sfr(bst,dskstab)/V  Z_hot               Z_cold              Z_stars             Z_lost              Zstf(tot)           Zstf(cts)           Zstf(bst,mrgr)      Zstf(bst,dskstab)   f_cold_mol          f_cold_atom
  0.0000E+00     1.3810E+01     1.0000E+00     0.0000E+00     0.0000E+00     0.0000E+00     0.0000E+00     0.0000E+00     0.0000E+00     0.0000E+00     0.0000E+00     0.0000E+00     0.0000E+00     0.0000E+00     0.0000E+00     0.0000E+00     0.0000E+00     0.0000E+00     0.0000E+00     0.0000E+00     0.0000E+00     0.0000E+00     0.0000E+00     0.0000E+00     0.0000E+00     0.0000E+00     0.0000E+00     0.0000E+00     0.0000E+00     0.0000E+00     0.0000E+00     0.0000E+00
  8.0874E-03     1.3693E+01     1.0000E+00     0.0000E+00     0.0000E+00     0.0000E+00     0.0000E+00     0.0000E+00     0.0000E+00     0.0000E+00     0.0000E+00     0.0000E+00     0.0000E+00     0.0000E+00     0.0000E+00     0.0000E+00     0.0000E+00     0.0000E+00     0.0000E+00     0.0000E+00     0.0000E+00     0.0000E+00     0.0000E+00     0.0000E+00     0.0000E+00     0.0000E+00     0.0000E+00     0.0000E+00     0.0000E+00     0.0000E+00     0.0000E+00     0.0000E+00
  1.6307E-02     1.3576E+01     1.0000E+00     0.0000E+00     0.0000E+00     0.0000E+00     0.0000E+00     0.0000E+00     0.0000E+00     0.0000E+00     0.0000E+00     0.0000E+00     0.0000E+00     0.0000E+00     0.0000E+00     0.0000E+00     0.0000E+00     0.0000E+00     0.0000E+00     0.0000E+00     0.0000E+00     0.0000E+00     0.0000E+00     0.0000E+00     0.0000E+00     0.0000E+00     0.0000E+00     0.0000E+00     0.0000E+00     0.0000E+00     0.0000E+00     0.0000E+00
  3.2879E-02     1.3345E+01     1.0000E+00     0.0000E+00     0.0000E+00     0.0000E+00     0.0000E+00     0.0000E+00     0.0000E+00     0.0000E+00     0.0000E+00     0.0000E+00     0.0000E+00     0.0000E+00     0.0000E+00     0.0000E+00     0.0000E+00     0.0000E+00     0.0000E+00     0.0000E+00     0.0000E+00     0.0000E+00     0.0000E+00     0.0000E+00     0.0000E+00     0.0000E+00     0.0000E+00     0.0000E+00     0.0000E+00     0.0000E+00     0.0000E+00     0.0000E+00
  4.9722E-02     1.3115E+01     1.0000E+00     0.0000E+00     0.0000E+00     0.0000E+00     0.0000E+00     0.0000E+00     0.0000E+00     0.0000E+00     0.0000E+00     0.0000E+00     0.0000E+00     0.0000E+00     0.0000E+00     0.0000E+00     0.0000E+00     0.0000E+00     0.0000E+00     0.0000E+00     0.0000E+00     0.0000E+00     0.0000E+00     0.0000E+00     0.0000E+00     0.0000E+00     0.0000E+00     0.0000E+00     0.0000E+00     0.0000E+00     0.0000E+00     0.0000E+00
  6.6840E-02     1.2887E+01     1.0000E+00     0.0000E+00     0.0000E+00     0.0000E+00     0.0000E+00     0.0000E+00     0.0000E+00     0.0000E+00     0.0000E+00     0.0000E+00     0.0000E+00     0.0000E+00     0.0000E+00     0.0000E+00     0.0000E+00     0.0000E+00     0.0000E+00     0.0000E+00     0.0000E+00     0.0000E+00     0.0000E+00     0.0000E+00     0.0000E+00     0.0000E+00     0.0000E+00     0.0000E+00     0.0000E+00     0.0000E+00     0.0000E+00     0.0000E+00
  8.4237E-02     1.2661E+01     1.0000E+00     0.0000E+00     0.0000E+00     0.0000E+00     0.0000E+00     0.0000E+00     0.0000E+00     0.0000E+00     0.0000E+00     0.0000E+00     0.0000E+00     0.0000E+00     0.0000E+00     0.0000E+00     0.0000E+00     0.0000E+00     0.0000E+00     0.0000E+00     0.0000E+00     0.0000E+00     0.0000E+00     0.0000E+00     0.0000E+00     0.0000E+00     0.0000E+00     0.0000E+00     0.0000E+00     0.0000E+00     0.0000E+00     0.0000E+00
  1.0192E-01     1.2438E+01     1.0000E+00     0.0000E+00     0.0000E+00     0.0000E+00     0.0000E+00     0.0000E+00     0.0000E+00     0.0000E+00     0.0000E+00     0.0000E+00     0.0000E+00     0.0000E+00     0.0000E+00     0.0000E+00     0.0000E+00     0.0000E+00     0.0000E+00     0.0000E+00     0.0000E+00     0.0000E+00     0.0000E+00     0.0000E+00     0.0000E+00     0.0000E+00     0.0000E+00     0.0000E+00     0.0000E+00     0.0000E+00     0.0000E+00     0.0000E+00
  1.1989E-01     1.2216E+01     1.0000E+00     0.0000E+00     0.0000E+00     0.0000E+00     0.0000E+00     0.0000E+00     0.0000E+00     0.0000E+00     0.0000E+00     0.0000E+00     0.0000E+00     0.0000E+00     0.0000E+00     0.0000E+00     0.0000E+00     0.0000E+00     0.0000E+00     0.0000E+00     0.0000E+00     0.0000E+00     0.0000E+00     0.0000E+00     0.0000E+00     0.0000E+00     0.0000E+00     0.0000E+00     0.0000E+00     0.0000E+00     0.0000E+00     0.0000E+00
  1.3815E-01     1.1996E+01     1.0000E+00     0.0000E+00     0.0000E+00     0.0000E+00     0.0000E+00     0.0000E+00     0.0000E+00     0.0000E+00     0.0000E+00     0.0000E+00     0.0000E+00     0.0000E+00     0.0000E+00     0.0000E+00     0.0000E+00     0.0000E+00     0.0000E+00     0.0000E+00     0.0000E+00     0.0000E+00     0.0000E+00     0.0000E+00     0.0000E+00     0.0000E+00     0.0000E+00     0.0000E+00     0.0000E+00     0.0000E+00     0.0000E+00     0.0000E+00
  1.5671E-01     1.1778E+01     1.0000E+00     0.0000E+00     0.0000E+00     0.0000E+00     0.0000E+00     0.0000E+00     0.0000E+00     0.0000E+00     0.0000E+00     0.0000E+00     0.0000E+00     0.0000E+00     0.0000E+00     0.0000E+00     0.0000E+00     0.0000E+00     0.0000E+00     0.0000E+00     0.0000E+00     0.0000E+00     0.0000E+00     0.0000E+00     0.0000E+00     0.0000E+00     0.0000E+00     0.0000E+00     0.0000E+00     0.0000E+00     0.0000E+00     0.0000E+00
  1.7557E-01     1.1563E+01     1.0000E+00     0.0000E+00     0.0000E+00     0.0000E+00     0.0000E+00     0.0000E+00     0.0000E+00     0.0000E+00     0.0000E+00     0.0000E+00     0.0000E+00     0.0000E+00     0.0000E+00     0.0000E+00     0.0000E+00     0.0000E+00     0.0000E+00     0.0000E+00     0.0000E+00     0.0000E+00     0.0000E+00     0.0000E+00     0.0000E+00     0.0000E+00     0.0000E+00     0.0000E+00     0.0000E+00     0.0000E+00     0.0000E+00     0.0000E+00
  1.9474E-01     1.1350E+01     1.0000E+00     0.0000E+00     0.0000E+00     0.0000E+00     0.0000E+00     0.0000E+00     0.0000E+00     0.0000E+00     0.0000E+00     0.0000E+00     0.0000E+00     0.0000E+00     0.0000E+00     0.0000E+00     0.0000E+00     0.0000E+00     0.0000E+00     0.0000E+00     0.0000E+00     0.0000E+00     0.0000E+00     0.0000E+00     0.0000E+00     0.0000E+00     0.0000E+00     0.0000E+00     0.0000E+00     0.0000E+00     0.0000E+00     0.0000E+00
  2.1422E-01     1.1139E+01     1.0000E+00     0.0000E+00     0.0000E+00     0.0000E+00     0.0000E+00     0.0000E+00     0.0000E+00     0.0000E+00     0.0000E+00     0.0000E+00     0.0000E+00     0.0000E+00     0.0000E+00     0.0000E+00     0.0000E+00     0.0000E+00     0.0000E+00     0.0000E+00     0.0000E+00     0.0000E+00     0.0000E+00     0.0000E+00     0.0000E+00     0.0000E+00     0.0000E+00     0.0000E+00     0.0000E+00     0.0000E+00     0.0000E+00     0.0000E+00
  2.3402E-01     1.0930E+01     1.0000E+00     0.0000E+00     0.0000E+00     0.0000E+00     0.0000E+00     0.0000E+00     0.0000E+00     0.0000E+00     0.0000E+00     0.0000E+00     0.0000E+00     0.0000E+00     0.0000E+00     0.0000E+00     0.0000E+00     0.0000E+00     0.0000E+00     0.0000E+00     0.0000E+00     0.0000E+00     0.0000E+00     0.0000E+00     0.0000E+00     0.0000E+00     0.0000E+00     0.0000E+00     0.0000E+00     0.0000E+00     0.0000E+00     0.0000E+00
  2.5414E-01     1.0724E+01     1.0000E+00     0.0000E+00     0.0000E+00     0.0000E+00     0.0000E+00     0.0000E+00     0.0000E+00     0.0000E+00     0.0000E+00     0.0000E+00     0.0000E+00     0.0000E+00     0.0000E+00     0.0000E+00     0.0000E+00     0.0000E+00     0.0000E+00     0.0000E+00     0.0000E+00     0.0000E+00     0.0000E+00     0.0000E+00     0.0000E+00     0.0000E+00     0.0000E+00     0.0000E+00     0.0000E+00     0.0000E+00     0.0000E+00     0.0000E+00
  2.7460E-01     1.0520E+01     1.0000E+00     0.0000E+00     0.0000E+00     0.0000E+00     0.0000E+00     0.0000E+00     0.0000E+00     0.0000E+00     0.0000E+00     0.0000E+00     0.0000E+00     0.0000E+00     0.0000E+00     0.0000E+00     0.0000E+00     0.0000E+00     0.0000E+00     0.0000E+00     0.0000E+00     0.0000E+00     0.0000E+00     0.0000E+00     0.0000E+00     0.0000E+00     0.0000E+00     0.0000E+00     0.0000E+00     0.0000E+00     0.0000E+00     0.0000E+00
  2.9538E-01     1.0318E+01     1.0000E+00     0.0000E+00     0.0000E+00     0.0000E+00     0.0000E+00     0.0000E+00     0.0000E+00     0.0000E+00     0.0000E+00     0.0000E+00     0.0000E+00     0.0000E+00     0.0000E+00     0.0000E+00     0.0000E+00     0.0000E+00     0.0000E+00     0.0000E+00     0.0000E+00     0.0000E+00     0.0000E+00     0.0000E+00     0.0000E+00     0.0000E+00     0.0000E+00     0.0000E+00     0.0000E+00     0.0000E+00     0.0000E+00     0.0000E+00
  3.1650E-01     1.0119E+01     1.0000E+00     0.0000E+00     0.0000E+00     0.0000E+00     0.0000E+00     0.0000E+00     0.0000E+00     0.0000E+00     0.0000E+00     0.0000E+00     0.0000E+00     0.0000E+00     0.0000E+00     0.0000E+00     0.0000E+00     0.0000E+00     0.0000E+00     0.0000E+00     0.0000E+00     0.0000E+00     0.0000E+00     0.0000E+00     0.0000E+00     0.0000E+00     0.0000E+00     0.0000E+00     0.0000E+00     0.0000E+00     0.0000E+00     0.0000E+00
  3.3797E-01     9.9222E+00     1.0000E+00     0.0000E+00     0.0000E+00     0.0000E+00     0.0000E+00     0.0000E+00     0.0000E+00     0.0000E+00     0.0000E+00     0.0000E+00     0.0000E+00     0.0000E+00     0.0000E+00     0.0000E+00     0.0000E+00     0.0000E+00     0.0000E+00     0.0000E+00     0.0000E+00     0.0000E+00     0.0000E+00     0.0000E+00     0.0000E+00     0.0000E+00     0.0000E+00     0.0000E+00     0.0000E+00     0.0000E+00     0.0000E+00     0.0000E+00
  3.5979E-01     9.7279E+00     1.0000E+00     0.0000E+00     0.0000E+00     0.0000E+00     0.0000E+00     0.0000E+00     0.0000E+00     0.0000E+00     0.0000E+00     0.0000E+00     0.0000E+00     0.0000E+00     0.0000E+00     0.0000E+00     0.0000E+00     0.0000E+00     0.0000E+00     0.0000E+00     0.0000E+00     0.0000E+00     0.0000E+00     0.0000E+00     0.0000E+00     0.0000E+00     0.0000E+00     0.0000E+00     0.0000E+00     0.0000E+00     0.0000E+00     0.0000E+00
  3.8196E-01     9.5361E+00     1.0000E+00     0.0000E+00     0.0000E+00     0.0000E+00     0.0000E+00     0.0000E+00     0.0000E+00     0.0000E+00     0.0000E+00     0.0000E+00     0.0000E+00     0.0000E+00     0.0000E+00     0.0000E+00     0.0000E+00     0.0000E+00     0.0000E+00     0.0000E+00     0.0000E+00     0.0000E+00     0.0000E+00     0.0000E+00     0.0000E+00     0.0000E+00     0.0000E+00     0.0000E+00     0.0000E+00     0.0000E+00     0.0000E+00     0.0000E+00
  4.0450E-01     9.3468E+00     1.0000E+00     0.0000E+00     0.0000E+00     0.0000E+00     0.0000E+00     0.0000E+00     0.0000E+00     0.0000E+00     0.0000E+00     0.0000E+00     0.0000E+00     0.0000E+00     0.0000E+00     0.0000E+00     0.0000E+00     0.0000E+00     0.0000E+00     0.0000E+00     0.0000E+00     0.0000E+00     0.0000E+00     0.0000E+00     0.0000E+00     0.0000E+00     0.0000E+00     0.0000E+00     0.0000E+00     0.0000E+00     0.0000E+00     0.0000E+00
  4.2740E-01     9.1601E+00     1.0000E+00     0.0000E+00     0.0000E+00     0.0000E+00     0.0000E+00     0.0000E+00     0.0000E+00     0.0000E+00     0.0000E+00     0.0000E+00     0.0000E+00     0.0000E+00     0.0000E+00     0.0000E+00     0.0000E+00     0.0000E+00     0.0000E+00     0.0000E+00     0.0000E+00     0.0000E+00     0.0000E+00     0.0000E+00     0.0000E+00     0.0000E+00     0.0000E+00     0.0000E+00     0.0000E+00     0.0000E+00     0.0000E+00     0.0000E+00
  4.5068E-01     8.9759E+00     1.0000E+00     0.0000E+00     0.0000E+00     0.0000E+00     0.0000E+00     0.0000E+00     0.0000E+00     0.0000E+00     0.0000E+00     0.0000E+00     0.0000E+00     0.0000E+00     0.0000E+00     0.0000E+00     0.0000E+00     0.0000E+00     0.0000E+00     0.0000E+00     0.0000E+00     0.0000E+00     0.0000E+00     0.0000E+00     0.0000E+00     0.0000E+00     0.0000E+00     0.0000E+00     0.0000E+00     0.0000E+00     0.0000E+00     0.0000E+00
  4.7433E-01     8.7943E+00     1.0000E+00     0.0000E+00     0.0000E+00     0.0000E+00     0.0000E+00     0.0000E+00     0.0000E+00     0.0000E+00     0.0000E+00     0.0000E+00     0.0000E+00     0.0000E+00     0.0000E+00     0.0000E+00     0.0000E+00     0.0000E+00     0.0000E+00     0.0000E+00     0.0000E+00     0.0000E+00     0.0000E+00     0.0000E+00     0.0000E+00     0.0000E+00     0.0000E+00     0.0000E+00     0.0000E+00     0.0000E+00     0.0000E+00     0.0000E+00
  4.9837E-01     8.6153E+00    -3.5123E-01     1.2817E+00     2.4365E-02     4.5163E-02     0.0000E+00     9.2509E-06     6.4017E-05     2.5806E-05     1.1924E-03     3.7495E-04     8.5932E-04     0.0000E+00     8.4347E-02     4.4236E-04     7.8863E-02     5.5089E-04     1.0666E-01     9.2842E-02     3.3517E-03     1.0470E-02     9.3034E-04     1.5389E-02     1.9027E-02     0.0000E+00     2.3993E-02     2.0888E-02     7.5364E-02     3.5081E-02     9.8569E-03     8.1916E-03
  5.2281E-01     8.4389E+00    -3.5123E-01     1.2826E+00     2.4206E-02     4.4415E-02     0.0000E+00     9.1334E-06     6.3800E-05     2.5144E-05     1.1701E-03     3.7502E-04     8.4139E-04     0.0000E+00     8.3828E-02     4.3154E-04     7.9260E-02     5.5575E-04     1.0948E-01     9.2880E-02     4.2271E-03     1.2376E-02     9.1230E-04     1.5493E-02     1.8944E-02     0.0000E+00     2.3175E-02     2.0916E-02     5.5282E-02     2.9163E-02     9.8874E-03     8.0429E-03
  5.4764E-01     8.2651E+00    -3.5123E-01     1.2834E+00     2.4177E-02     4.3659E-02     0.0000E+00     9.0569E-06     6.3244E-05     2.4473E-05     1.1477E-03     3.7436E-04     8.2388E-04     0.0000E+00     8.4188E-02     4.2499E-04     7.9411E-02     5.4489E-04     1.1001E-01     9.4173E-02     8.3962E-03     7.4450E-03     8.9426E-04     1.5484E-02     1.8871E-02     0.0000E+00     2.2752E-02     2.0746E-02     3.8527E-02     3.0340E-02     9.9983E-03     7.9104E-03
  5.7288E-01     8.0939E+00    -3.5123E-01     1.2842E+00     2.4152E-02     4.2911E-02     0.0000E+00     8.8712E-06     6.3018E-05     2.3804E-05     1.1248E-03     3.7413E-04     8.0686E-04     0.0000E+00     8.4232E-02     4.1973E-04     7.9737E-02     5.5456E-04     1.1635E-01     9.5001E-02     7.4239E-03     1.3921E-02     8.7586E-04     1.5490E-02     1.8803E-02     0.0000E+00     2.3069E-02     2.0621E-02     3.6650E-02     3.2536E-02     1.0089E-02     7.8017E-03
  5.9853E-01     7.9254E+00    -3.5123E-01     1.2849E+00     2.4189E-02     4.2133E-02     0.0000E+00     8.4720E-06     6.2556E-05     2.3119E-05     1.1020E-03     3.7305E-04     7.8889E-04     0.0000E+00     8.4640E-02     4.1480E-04     8.0740E-02     5.4448E-04     1.1203E-01     9.6871E-02     5.2330E-03     9.9266E-03     8.5761E-04     1.5422E-02     1.8724E-02     0.0000E+00     2.1271E-02     2.0451E-02     3.0712E-02     2.4291E-02     1.0235E-02     7.6825E-03
  6.2459E-01     7.7595E+00    -3.5123E-01     1.2855E+00     2.4335E-02     4.1394E-02     0.0000E+00     8.3898E-06     6.2223E-05     2.2433E-05     1.0786E-03     3.7239E-04     7.7319E-04     0.0000E+00     8.5276E-02     4.1221E-04     8.1533E-02     5.5406E-04     1.0983E-01     9.8592E-02     2.9084E-03     8.3300E-03     8.3908E-04     1.5303E-02     1.8679E-02     0.0000E+00     2.0548E-02     2.0173E-02     3.0907E-02     2.1368E-02     1.0426E-02     7.6004E-03
  6.5109E-01     7.5962E+00    -3.5123E-01     1.2862E+00     2.4379E-02     4.0682E-02     0.0000E+00     8.1748E-06     6.1902E-05     2.1777E-05     1.0573E-03     3.7007E-04     7.5855E-04     0.0000E+00     8.5632E-02     4.0782E-04     8.0785E-02     5.2608E-04     1.0860E-01     9.9444E-02     1.7825E-03     7.3737E-03     8.2207E-04     1.5180E-02     1.8646E-02     0.0000E+00     2.0989E-02     1.9964E-02     5.7666E-02     2.5956E-02     1.0562E-02     7.4968E-03
  6.7801E-01     7.4356E+00    -3.5123E-01     1.2869E+00     2.4350E-02     3.9989E-02     0.0000E+00     8.1172E-06     6.1721E-05     2.1122E-05     1.0363E-03     3.6843E-04     7.4401E-04     0.0000E+00     8.6145E-02     4.0133E-04     8.1216E-02     5.2371E-04     1.1599E-01     1.0019E-01     3.0081E-03     1.2788E-02     8.0526E-04     1.5131E-02     1.8605E-02     0.0000E+00     2.1642E-02     1.9773E-02     5.5202E-02     2.8388E-02     1.0668E-02     7.3691E-03
  7.0537E-01     7.2776E+00    -3.5123E-01     1.2876E+00     2.4394E-02     3.9261E-02     0.0000E+00     8.0660E-06     6.1463E-05     2.0524E-05     1.0132E-03     3.6819E-04     7.2826E-04     0.0000E+00     8.7457E-02     3.9653E-04     8.2765E-02     5.4667E-04     1.1868E-01     1.0162E-01     4.2618E-03     1.2804E-02     7.8688E-04     1.5093E-02     1.8549E-02     0.0000E+00     2.0353E-02     1.9586E-02     3.1958E-02     2.2584E-02     1.0819E-02     7.2508E-03
  7.3318E-01     7.1222E+00    -3.5123E-01     1.2884E+00     2.4328E-02     3.8529E-02     0.0000E+00     7.9072E-06     6.0895E-05     1.9933E-05     9.9190E-04     3.6501E-04     7.1335E-04     0.0000E+00     8.7597E-02     3.9219E-04     8.1674E-02     5.1430E-04     1.1165E-01     1.0182E-01     1.0540E-03     8.7776E-03     7.6989E-04     1.5004E-02     1.8515E-02     0.0000E+00     2.0107E-02     1.9481E-02     4.1982E-02     2.4747E-02     1.0901E-02     7.1198E-03
  7.6144E-01     6.9695E+00    -3.5123E-01     1.2892E+00     2.4140E-02     3.7852E-02     0.0000E+00     7.8694E-06     6.0644E-05     1.9351E-05     9.7201E-04     3.6212E-04     6.9973E-04     0.0000E+00     8.6570E-02     3.8132E-04     8.1449E-02     5.0720E-04     1.1841E-01     1.0162E-01     5.4133E-03     1.1380E-02     7.5394E-04     1.5001E-02     1.8486E-02     0.0000E+00     2.1763E-02     1.9413E-02     4.3643E-02     3.2335E-02     1.0888E-02     6.9940E-03
  7.9017E-01     6.8193E+00    -3.5123E-01     1.2899E+00     2.4157E-02     3.7146E-02     0.0000E+00     7.8138E-06     6.0474E-05     1.8770E-05     9.5062E-04     3.6094E-04     6.8437E-04     0.0000E+00     8.6703E-02     3.7753E-04     8.2244E-02     5.2352E-04     1.2080E-01     1.0349E-01     5.0310E-03     1.2283E-02     7.3696E-04     1.4941E-02     1.8424E-02     0.0000E+00     2.1390E-02     1.9158E-02     4.3177E-02     3.1270E-02     1.1013E-02     6.8808E-03
  8.1936E-01     6.6718E+00    -3.5123E-01     1.2906E+00     2.4217E-02     3.6438E-02     0.0000E+00     7.5982E-06     6.0025E-05     1.8189E-05     9.2720E-04     3.6148E-04     6.6923E-04     0.0000E+00     8.7159E-02     3.7197E-04     8.2285E-02     5.1012E-04     1.2342E-01     1.0410E-01     6.2316E-03     1.3093E-02     7.1844E-04     1.4927E-02     1.8366E-02     0.0000E+00     2.1154E-02     1.8998E-02     4.0034E-02     2.9310E-02     1.1155E-02     6.7827E-03
  8.4903E-01     6.5269E+00    -3.5123E-01     1.2913E+00     2.4251E-02     3.5727E-02     0.0000E+00     7.5193E-06     5.9585E-05     1.7608E-05     9.0599E-04     3.5953E-04     6.5420E-04     0.0000E+00     8.7638E-02     3.6763E-04     8.2540E-02     5.1177E-04     1.2068E-01     1.0546E-01     5.7528E-03     9.4644E-03     7.0164E-04     1.4825E-02     1.8311E-02     0.0000E+00     2.0392E-02     1.8750E-02     3.8264E-02     2.7825E-02     1.1294E-02     6.6696E-03
  8.7918E-01     6.3846E+00    -3.5123E-01     1.2920E+00     2.4171E-02     3.5045E-02     0.0000E+00     7.3021E-06     5.9264E-05     1.7049E-05     8.8614E-04     3.5665E-04     6.4029E-04     0.0000E+00     8.7651E-02     3.6595E-04     8.1489E-02     4.8662E-04     1.1978E-01     1.0564E-01     5.8597E-03     8.2865E-03     6.8586E-04     1.4755E-02     1.8270E-02     0.0000E+00     2.1334E-02     1.8655E-02     4.1839E-02     4.0982E-02     1.1362E-02     6.5425E-03
  9.0982E-01     6.2448E+00    -3.5123E-01     1.2928E+00     2.4040E-02     3.4380E-02     0.0000E+00     7.2643E-06     5.9113E-05     1.6484E-05     8.6655E-04     3.5469E-04     6.2610E-04     0.0000E+00     8.7505E-02     3.5686E-04     8.1886E-02     4.9444E-04     1.3047E-01     1.0615E-01     1.1795E-02     1.2516E-02     6.7028E-04     1.4754E-02     1.8211E-02     0.0000E+00     2.2317E-02     1.8545E-02     3.8912E-02     3.8665E-02     1.1393E-02     6.4150E-03
  9.4096E-01     6.1076E+00    -3.5123E-01     1.2935E+00     2.4012E-02     3.3669E-02     0.0000E+00     7.1640E-06     5.8730E-05     1.5932E-05     8.4559E-04     3.5332E-04     6.1023E-04     0.0000E+00     8.8197E-02     3.5637E-04     8.1925E-02     5.0917E-04     1.2997E-01     1.0723E-01     8.8753E-03     1.3864E-02     6.5370E-04     1.4714E-02     1.8124E-02     0.0000E+00     2.1544E-02     1.8432E-02     3.8425E-02     3.4812E-02     1.1510E-02     6.2770E-03
  9.7262E-01     5.9729E+00    -3.5123E-01     1.2944E+00     2.3854E-02     3.2974E-02     0.0000E+00     6.5511E-06     5.8416E-05     1.5382E-05     8.2539E-04     3.5113E-04     5.9526E-04     0.0000E+00     8.7516E-02     3.4219E-04     8.2243E-02     5.0208E-04     1.3516E-01     1.0758E-01     6.9978E-03     2.0574E-02     6.3766E-04     1.4720E-02     1.8052E-02     0.0000E+00     2.0545E-02     1.8346E-02     3.7061E-02     2.6425E-02     1.1521E-02     6.1479E-03
  1.0048E+00     5.8408E+00    -3.5123E-01     1.2950E+00     2.3923E-02     3.2265E-02     0.0000E+00     6.3970E-06     5.7834E-05     1.4831E-05     8.0237E-04     3.5061E-04     5.8068E-04     0.0000E+00     8.7855E-02     3.3930E-04     8.2620E-02     5.0535E-04     1.3506E-01     1.0978E-01     8.1060E-03     1.7177E-02     6.1957E-04     1.4656E-02     1.7997E-02     0.0000E+00     2.0754E-02     1.8118E-02     3.7512E-02     2.9690E-02     1.1701E-02     6.0198E-03
  1.0375E+00     5.7111E+00    -3.5123E-01     1.2957E+00     2.3925E-02     3.1569E-02     0.0000E+00     6.1178E-06     5.7412E-05     1.4286E-05     7.8007E-04     3.4997E-04     5.6625E-04     0.0000E+00     8.7736E-02     3.3250E-04     8.1432E-02     4.6631E-04     1.3613E-01     1.1016E-01     5.9446E-03     2.0032E-02     6.0203E-04     1.4628E-02     1.7937E-02     0.0000E+00     2.3557E-02     1.7950E-02     5.0612E-02     4.6358E-02     1.1836E-02     5.8859E-03
  1.0707E+00     5.5839E+00    -3.5123E-01     1.2965E+00     2.3868E-02     3.0881E-02     0.0000E+00     6.0240E-06     5.7186E-05     1.3764E-05     7.6067E-04     3.4861E-04     5.5004E-04     0.0000E+00     8.7606E-02     3.2716E-04     8.2434E-02     4.8949E-04     1.4468E-01     1.1183E-01     8.7144E-03     2.4135E-02     5.8672E-04     1.4606E-02     1.7811E-02     0.0000E+00     2.0636E-02     1.7742E-02     4.5958E-02     2.4903E-02     1.1943E-02     5.7371E-03
  1.1045E+00     5.4592E+00    -3.5123E-01     1.2971E+00     2.3969E-02     3.0164E-02     0.0000E+00     5.7680E-06     5.6308E-05     1.3266E-05     7.3962E-04     3.4594E-04     5.3525E-04     0.0000E+00     8.8075E-02     3.2324E-04     8.1486E-02     4.6764E-04     1.3607E-01     1.1292E-01     6.6636E-03     1.6489E-02     5.7021E-04     1.4433E-02     1.7744E-02     0.0000E+00     2.0492E-02     1.7528E-02     3.7315E-02     3.3998E-02     1.2146E-02     5.6084E-03
  1.1388E+00     5.3369E+00    -3.5123E-01     1.2979E+00     2.3871E-02     2.9503E-02     0.0000E+00     5.6812E-06     5.6001E-05     1.2795E-05     7.1914E-04     3.4445E-04     5.2170E-04     0.0000E+00     8.6758E-02     3.1365E-04     8.2470E-02     4.9689E-04     1.4584E-01     1.1424E-01     8.2810E-03     2.3320E-02     5.5409E-04     1.4430E-02     1.7683E-02     0.0000E+00     1.9408E-02     1.7339E-02     3.6459E-02     2.3488E-02     1.2211E-02     5.4715E-03
  1.1737E+00     5.2169E+00    -3.5123E-01     1.2984E+00     2.4054E-02     2.8809E-02     0.0000E+00     5.4515E-06     5.5344E-05     1.2321E-05     6.9721E-04     3.4253E-04     5.0822E-04     0.0000E+00     8.7122E-02     3.1081E-04     8.1411E-02     4.7174E-04     1.4245E-01     1.1599E-01     1.1101E-02     1.5359E-02     5.3699E-04     1.4240E-02     1.7641E-02     0.0000E+00     1.9909E-02     1.7023E-02     4.2585E-02     2.5308E-02     1.2467E-02     5.3515E-03
  1.2091E+00     5.0994E+00    -3.5123E-01     1.2990E+00     2.4060E-02     2.8143E-02     0.0000E+00     5.2253E-06     5.4956E-05     1.1863E-05     6.7733E-04     3.3991E-04     4.9498E-04     0.0000E+00     8.5931E-02     3.0288E-04     8.0458E-02     4.6532E-04     1.4223E-01     1.1787E-01     1.0567E-02     1.3798E-02     5.2141E-04     1.4128E-02     1.7588E-02     0.0000E+00     2.0012E-02     1.6794E-02     5.1234E-02     2.3597E-02     1.2604E-02     5.2178E-03
  1.2451E+00     4.9842E+00    -3.5123E-01     1.2996E+00     2.4099E-02     2.7493E-02     0.0000E+00     4.8885E-06     5.4638E-05     1.1411E-05     6.5796E-04     3.3734E-04     4.8195E-04     0.0000E+00     8.6970E-02     2.9813E-04     8.0192E-02     4.4011E-04     1.4555E-01     1.1865E-01     4.4607E-03     2.2432E-02     5.0626E-04     1.3998E-02     1.7530E-02     0.0000E+00     2.0076E-02     1.6547E-02     3.4839E-02     3.5805E-02     1.2758E-02     5.0927E-03
  1.2817E+00     4.8713E+00    -3.5123E-01     1.3003E+00     2.4094E-02     2.6840E-02     0.0000E+00     4.8233E-06     5.4347E-05     1.0965E-05     6.3856E-04     3.3477E-04     4.6885E-04     0.0000E+00     8.7119E-02     2.9548E-04     8.0343E-02     4.5780E-04     1.4668E-01     1.2001E-01     6.0326E-03     2.0637E-02     4.9109E-04     1.3895E-02     1.7468E-02     0.0000E+00     1.8807E-02     1.6294E-02     4.9671E-02     2.4401E-02     1.2896E-02     4.9518E-03
  1.3190E+00     4.7606E+00    -3.5123E-01     1.3011E+00     2.3926E-02     2.6196E-02     0.0000E+00     4.7167E-06     5.3659E-05     1.0535E-05     6.2131E-04     3.2952E-04     4.5673E-04     0.0000E+00     8.7146E-02     2.8933E-04     7.8985E-02     4.3900E-04     1.4275E-01     1.1978E-01     7.0686E-03     1.5900E-02     4.7752E-04     1.3772E-02     1.7435E-02     0.0000E+00     1.8638E-02     1.6186E-02     4.2587E-02     2.6465E-02     1.2922E-02     4.8011E-03
  1.3568E+00     4.6523E+00    -3.5123E-01     1.3020E+00     2.3694E-02     2.5581E-02     0.0000E+00     4.5188E-06     5.3383E-05     1.0113E-05     6.0371E-04     3.2556E-04     4.4528E-04     0.0000E+00     8.6067E-02     2.8164E-04     7.8749E-02     4.3514E-04     1.5223E-01     1.1940E-01     3.8964E-03     2.8938E-02     4.6369E-04     1.3740E-02     1.7406E-02     0.0000E+00     1.8990E-02     1.6030E-02     4.4827E-02     2.7722E-02     1.2892E-02     4.6590E-03
  1.3952E+00     4.5462E+00    -3.5123E-01     1.3026E+00     2.3647E-02     2.4940E-02     0.0000E+00     4.4336E-06     5.2945E-05     9.7065E-06     5.8409E-04     3.2289E-04     4.3310E-04     0.0000E+00     8.5893E-02     2.7401E-04     7.8704E-02     4.5080E-04     1.5837E-01     1.2033E-01     5.9325E-03     3.2115E-02     4.4839E-04     1.3655E-02     1.7366E-02     0.0000E+00     1.9129E-02     1.5795E-02     5.2402E-02     2.5471E-02     1.2992E-02     4.5247E-03
  1.4342E+00     4.4423E+00    -3.5123E-01     1.3034E+00     2.3568E-02     2.4286E-02     0.0000E+00     4.3055E-06     5.2194E-05     9.3033E-06     5.6519E-04     3.1917E-04     4.2059E-04     0.0000E+00     8.5715E-02     2.6628E-04     7.7739E-02     4.2391E-04     1.5412E-01     1.2088E-01     4.2193E-03     2.9027E-02     4.3363E-04     1.3542E-02     1.7318E-02     0.0000E+00     1.8497E-02     1.5622E-02     4.5744E-02     2.6508E-02     1.3074E-02     4.3842E-03
  1.4739E+00     4.3405E+00    -3.5123E-01     1.3041E+00     2.3425E-02     2.3663E-02     0.0000E+00     4.2237E-06     5.1737E-05     8.8988E-06     5.4730E-04     3.1510E-04     4.0907E-04     0.0000E+00     8.5079E-02     2.5774E-04     7.7090E-02     4.3047E-04     1.5167E-01     1.2119E-01     7.6005E-03     2.2878E-02     4.1966E-04     1.3452E-02     1.7287E-02     0.0000E+00     1.8630E-02     1.5466E-02     4.5585E-02     2.6436E-02     1.3112E-02     4.2401E-03
  1.5143E+00     4.2409E+00    -3.5123E-01     1.3049E+00     2.3258E-02     2.3063E-02     0.0000E+00     4.0685E-06     5.1111E-05     8.5044E-06     5.2895E-04     3.1238E-04     3.9789E-04     0.0000E+00     8.4180E-02     2.5447E-04     7.7299E-02     4.3108E-04     1.6535E-01     1.2183E-01     6.2801E-03     3.7243E-02     4.0536E-04     1.3432E-02     1.7252E-02     0.0000E+00     1.8409E-02     1.5283E-02     4.7383E-02     2.3751E-02     1.3123E-02     4.1052E-03
  1.5553E+00     4.1433E+00    -3.5123E-01     1.3056E+00     2.3257E-02     2.2422E-02     0.0000E+00     3.9686E-06     5.0394E-05     8.1370E-06     5.0994E-04     3.0877E-04     3.8610E-04     0.0000E+00     8.3259E-02     2.5173E-04     7.6173E-02     4.1936E-04     1.5833E-01     1.2238E-01     7.5529E-03     2.8399E-02     3.9060E-04     1.3276E-02     1.7219E-02     0.0000E+00     1.8285E-02     1.5051E-02     4.2896E-02     2.5671E-02     1.3242E-02     3.9853E-03
  1.5970E+00     4.0479E+00    -3.5123E-01     1.3062E+00     2.3174E-02     2.1822E-02     0.0000E+00     3.7882E-06     4.9810E-05     7.7718E-06     4.9402E-04     3.0341E-04     3.7512E-04     0.0000E+00     8.2744E-02     2.4871E-04     7.4675E-02     3.8889E-04     1.5169E-01     1.2271E-01     4.8455E-03     2.4138E-02     3.7820E-04     1.3093E-02     1.7190E-02     0.0000E+00     1.7598E-02     1.4766E-02     3.3833E-02     2.8734E-02     1.3301E-02     3.8647E-03
  1.6393E+00     3.9545E+00    -3.5123E-01     1.3069E+00     2.3024E-02     2.1259E-02     0.0000E+00     3.6923E-06     4.9467E-05     7.4110E-06     4.7870E-04     2.9839E-04     3.6522E-04     0.0000E+00     8.3549E-02     2.4506E-04     7.4371E-02     3.9399E-04     1.6300E-01     1.2263E-01     4.4356E-03     3.5940E-02     3.6627E-04     1.2960E-02     1.7179E-02     0.0000E+00     1.7889E-02     1.4528E-02     4.9846E-02     2.5413E-02     1.3320E-02     3.7344E-03
  1.6823E+00     3.8630E+00    -3.5123E-01     1.3077E+00     2.2837E-02     2.0667E-02     0.0000E+00     3.6580E-06     4.8822E-05     7.0601E-06     4.6282E-04     2.9305E-04     3.5463E-04     0.0000E+00     8.2550E-02     2.3975E-04     7.3829E-02     4.0071E-04     1.6146E-01     1.2316E-01     5.2301E-03     3.3070E-02     3.5391E-04     1.2833E-02     1.7159E-02     0.0000E+00     1.7550E-02     1.4298E-02     4.9466E-02     2.4616E-02     1.3322E-02     3.5941E-03
  1.7261E+00     3.7736E+00    -3.5123E-01     1.3085E+00     2.2646E-02     2.0094E-02     0.0000E+00     3.5294E-06     4.8168E-05     6.7152E-06     4.4829E-04     2.8683E-04     3.4456E-04     0.0000E+00     8.1780E-02     2.3653E-04     7.2724E-02     3.8268E-04     1.5661E-01     1.2277E-01     6.7642E-03     2.7071E-02     3.4260E-04     1.2666E-02     1.7148E-02     0.0000E+00     1.7074E-02     1.4077E-02     3.9388E-02     2.5091E-02     1.3311E-02     3.4638E-03
  1.7705E+00     3.6861E+00    -3.5123E-01     1.3093E+00     2.2384E-02     1.9549E-02     0.0000E+00     3.4361E-06     4.7704E-05     6.3734E-06     4.3464E-04     2.8052E-04     3.3526E-04     0.0000E+00     8.1167E-02     2.3193E-04     7.0278E-02     3.5077E-04     1.5949E-01     1.2185E-01     3.5286E-03     3.4106E-02     3.3197E-04     1.2532E-02     1.7150E-02     0.0000E+00     1.7904E-02     1.3870E-02     3.0282E-02     3.1032E-02     1.3233E-02     3.3484E-03
  1.8157E+00     3.6004E+00    -3.5123E-01     1.3101E+00     2.2098E-02     1.9007E-02     0.0000E+00     3.3599E-06     4.7239E-05     6.0436E-06     4.2058E-04     2.7515E-04     3.2555E-04     0.0000E+00     8.0780E-02     2.2233E-04     7.0706E-02     3.8049E-04     1.7146E-01     1.2048E-01     3.6316E-03     4.7345E-02     3.2102E-04     1.2452E-02     1.7128E-02     0.0000E+00     1.8404E-02     1.3726E-02     3.1873E-02     2.9277E-02     1.3135E-02     3.2334E-03
  1.8616E+00     3.5167E+00    -3.5123E-01     1.3109E+00     2.1861E-02     1.8437E-02     0.0000E+00     3.2976E-06     4.6495E-05     5.7231E-06     4.0565E-04     2.6993E-04     3.1506E-04     0.0000E+00     8.0007E-02     2.1573E-04     6.9865E-02     3.6862E-04     1.6835E-01     1.1998E-01     6.1364E-03     4.2234E-02     3.0944E-04     1.2348E-02     1.7089E-02     0.0000E+00     1.7973E-02     1.3520E-02     3.6892E-02     2.7873E-02     1.3084E-02     3.1091E-03
  1.9083E+00     3.4348E+00    -3.5123E-01     1.3117E+00     2.1613E-02     1.7889E-02     0.0000E+00     3.2129E-06     4.5849E-05     5.4107E-06     3.9186E-04     2.6414E-04     3.0521E-04     0.0000E+00     7.7953E-02     2.0823E-04     6.7764E-02     3.5444E-04     1.6664E-01     1.1930E-01     8.9482E-03     3.8390E-02     2.9874E-04     1.2221E-02     1.7062E-02     0.0000E+00     1.9159E-02     1.3349E-02     4.6626E-02     3.0814E-02     1.3023E-02     2.9873E-03
  1.9557E+00     3.3547E+00    -3.5123E-01     1.3125E+00     2.1380E-02     1.7359E-02     0.0000E+00     3.1211E-06     4.5134E-05     5.0999E-06     3.7767E-04     2.6000E-04     2.9505E-04     0.0000E+00     7.7406E-02     2.0618E-04     6.8627E-02     3.5953E-04     1.8231E-01     1.1926E-01     1.4264E-02     4.8787E-02     2.8775E-04     1.2161E-02     1.6998E-02     0.0000E+00     1.8958E-02     1.3128E-02     3.4582E-02     2.8644E-02     1.2962E-02     2.8746E-03
  2.0039E+00     3.2763E+00    -3.5123E-01     1.3132E+00     2.1276E-02     1.6791E-02     0.0000E+00     2.9268E-06     4.4556E-05     4.7959E-06     3.6380E-04     2.5414E-04     2.8430E-04     0.0000E+00     7.7379E-02     2.0288E-04     6.6767E-02     3.5657E-04     1.7690E-01     1.1933E-01     9.3628E-03     4.8214E-02     2.7704E-04     1.1945E-02     1.6931E-02     0.0000E+00     1.6469E-02     1.2847E-02     2.3912E-02     2.3987E-02     1.2998E-02     2.7626E-03
  2.0529E+00     3.1998E+00    -3.5123E-01     1.3139E+00     2.1054E-02     1.6253E-02     0.0000E+00     2.7051E-06     4.3629E-05     4.5074E-06     3.5165E-04     2.4624E-04     2.7544E-04     0.0000E+00     7.5222E-02     2.0105E-04     6.4691E-02     3.3327E-04     1.5732E-01     1.1835E-01     3.9139E-03     3.5055E-02     2.6763E-04     1.1696E-02     1.6947E-02     0.0000E+00     1.5353E-02     1.2631E-02     4.5932E-02     2.1125E-02     1.2945E-02     2.6505E-03
  2.1027E+00     3.1249E+00    -3.5123E-01     1.3147E+00     2.0742E-02     1.5785E-02     0.0000E+00     2.6340E-06     4.3067E-05     4.2274E-06     3.4090E-04     2.3902E-04     2.6825E-04     0.0000E+00     7.6035E-02     2.0671E-04     6.3498E-02     3.1768E-04     1.6160E-01     1.1698E-01     6.6126E-03     3.8010E-02     2.5930E-04     1.1524E-02     1.6994E-02     0.0000E+00     1.7390E-02     1.2398E-02     4.3440E-02     2.8221E-02     1.2824E-02     2.5401E-03
  2.1533E+00     3.0516E+00    -3.5123E-01     1.3155E+00     2.0374E-02     1.5315E-02     0.0000E+00     2.5623E-06     4.2602E-05     3.9790E-06     3.2940E-04     2.3345E-04     2.6008E-04     0.0000E+00     7.5579E-02     2.0128E-04     6.4394E-02     3.3864E-04     1.8269E-01     1.1553E-01     7.8951E-03     5.9263E-02     2.5039E-04     1.1458E-02     1.6982E-02     0.0000E+00     1.8235E-02     1.2141E-02     4.1515E-02     2.7014E-02     1.2666E-02     2.4258E-03
  2.2047E+00     2.9801E+00    -3.5123E-01     1.3163E+00     2.0139E-02     1.4796E-02     0.0000E+00     2.4509E-06     4.1903E-05     3.7381E-06     3.1718E-04     2.2723E-04     2.5061E-04     0.0000E+00     7.4334E-02     1.9244E-04     6.2691E-02     3.3081E-04     1.8584E-01     1.1485E-01     1.0696E-02     6.0294E-02     2.4096E-04     1.1283E-02     1.6938E-02     0.0000E+00     1.8768E-02     1.1900E-02     3.9402E-02     2.8191E-02     1.2603E-02     2.3140E-03
  2.2570E+00     2.9101E+00    -3.5123E-01     1.3170E+00     1.9916E-02     1.4279E-02     0.0000E+00     2.3661E-06     4.1081E-05     3.5057E-06     3.0461E-04     2.2175E-04     2.4092E-04     0.0000E+00     7.2618E-02     1.9430E-04     6.3273E-02     3.7152E-04     1.9336E-01     1.1490E-01     7.8721E-03     7.0588E-02     2.3128E-04     1.1134E-02     1.6872E-02     0.0000E+00     1.6741E-02     1.1657E-02     3.4428E-02     2.3046E-02     1.2532E-02     2.2204E-03
  2.3101E+00     2.8417E+00    -3.5123E-01     1.3177E+00     1.9778E-02     1.3754E-02     0.0000E+00     2.1692E-06     4.0028E-05     3.2754E-06     2.9293E-04     2.1399E-04     2.3212E-04     0.0000E+00     7.3380E-02     1.9758E-04     6.0528E-02     3.0480E-04     1.7217E-01     1.1410E-01     7.0258E-03     5.1042E-02     2.2231E-04     1.0820E-02     1.6877E-02     0.0000E+00     1.6381E-02     1.1338E-02     4.5552E-02     2.3639E-02     1.2521E-02     2.1291E-03
  2.3640E+00     2.7749E+00    -3.5123E-01     1.3185E+00     1.9462E-02     1.3297E-02     0.0000E+00     2.1566E-06     3.9340E-05     3.0541E-06     2.8234E-04     2.0751E-04     2.2464E-04     0.0000E+00     7.2979E-02     1.8750E-04     6.1431E-02     3.3353E-04     1.9469E-01     1.1343E-01     1.2454E-02     6.8809E-02     2.1414E-04     1.0662E-02     1.6894E-02     0.0000E+00     1.6583E-02     1.1037E-02     3.8270E-02     2.1799E-02     1.2372E-02     2.0446E-03
  2.4189E+00     2.7095E+00    -3.5123E-01     1.3192E+00     1.9276E-02     1.2792E-02     0.0000E+00     2.0132E-06     3.8495E-05     2.8559E-06     2.7012E-04     2.0097E-04     2.1626E-04     0.0000E+00     7.1489E-02     1.8358E-04     6.0005E-02     3.3536E-04     1.8573E-01     1.1248E-01     1.2504E-02     6.0751E-02     2.0476E-04     1.0426E-02     1.6906E-02     0.0000E+00     1.7265E-02     1.0789E-02     3.7000E-02     2.5194E-02     1.2318E-02     1.9607E-03
  2.4746E+00     2.6457E+00    -3.5123E-01     1.3199E+00     1.9028E-02     1.2321E-02     0.0000E+00     1.7907E-06     3.7709E-05     2.6653E-06     2.5939E-04     1.9452E-04     2.0813E-04     0.0000E+00     7.3179E-02     1.9205E-04     5.9509E-02     3.2639E-04     1.9981E-01     1.1099E-01     1.6565E-02     7.2255E-02     1.9652E-04     1.0223E-02     1.6892E-02     0.0000E+00     1.7291E-02     1.0520E-02     3.4728E-02     2.3694E-02     1.2216E-02     1.8790E-03
  2.5313E+00     2.5833E+00    -3.5123E-01     1.3207E+00     1.8719E-02     1.1826E-02     0.0000E+00     1.5697E-06     3.6878E-05     2.4866E-06     2.4902E-04     1.8685E-04     1.9957E-04     0.0000E+00     7.3553E-02     1.9084E-04     5.8394E-02     3.1099E-04     1.9155E-01     1.0880E-01     1.0514E-02     7.2234E-02     1.8855E-04     9.9820E-03     1.6875E-02     0.0000E+00     1.6869E-02     1.0251E-02     4.7363E-02     2.2398E-02     1.2066E-02     1.7995E-03
  2.5889E+00     2.5224E+00    -3.5123E-01     1.3215E+00     1.8347E-02     1.1362E-02     0.0000E+00     1.5185E-06     3.5908E-05     2.3165E-06     2.3880E-04     1.7996E-04     1.9174E-04     0.0000E+00     7.1385E-02     1.8565E-04     5.7231E-02     3.0055E-04     1.9557E-01     1.0713E-01     1.3505E-02     7.4933E-02     1.8070E-04     9.8087E-03     1.6876E-02     0.0000E+00     1.7837E-02     1.0014E-02     4.1808E-02     2.4703E-02     1.1864E-02     1.7264E-03
  2.6474E+00     2.4628E+00    -3.5123E-01     1.3223E+00     1.8025E-02     1.0899E-02     0.0000E+00     1.3993E-06     3.5097E-05     2.1559E-06     2.2870E-04     1.7346E-04     1.8349E-04     0.0000E+00     7.1746E-02     1.8194E-04     5.5715E-02     2.9346E-04     1.9398E-01     1.0542E-01     1.5166E-02     7.3393E-02     1.7296E-04     9.6233E-03     1.6835E-02     0.0000E+00     1.7737E-02     9.7578E-03     3.0060E-02     2.6653E-02     1.1699E-02     1.6521E-03
  2.7069E+00     2.4046E+00    -3.5123E-01     1.3231E+00     1.7626E-02     1.0451E-02     0.0000E+00     1.1617E-06     3.4415E-05     2.0074E-06     2.1933E-04     1.6669E-04     1.7554E-04     0.0000E+00     7.1829E-02     1.8247E-04     5.7680E-02     3.2698E-04     2.1227E-01     1.0383E-01     1.0813E-02     9.7631E-02     1.6576E-04     9.4574E-03     1.6796E-02     0.0000E+00     1.6846E-02     9.4665E-03     2.2824E-02     2.4032E-02     1.1483E-02     1.5733E-03
  2.7673E+00     2.3477E+00    -3.5123E-01     1.3239E+00     1.7355E-02     9.9715E-03     0.0000E+00     1.0118E-06     3.3391E-05     1.8663E-06     2.0933E-04     1.5901E-04     1.6746E-04     0.0000E+00     7.1333E-02     1.7906E-04     5.6723E-02     3.2505E-04     2.0207E-01     1.0240E-01     6.6368E-03     9.3031E-02     1.5811E-04     9.1624E-03     1.6794E-02     0.0000E+00     1.6272E-02     9.1638E-03     1.8542E-02     2.3935E-02     1.1365E-02     1.4903E-03
  2.8288E+00     2.2922E+00    -3.5123E-01     1.3247E+00     1.6991E-02     9.5257E-03     0.0000E+00     9.1820E-07     3.2289E-05     1.7292E-06     2.0054E-04     1.5109E-04     1.6021E-04     0.0000E+00     7.2040E-02     1.7511E-04     5.4548E-02     2.8834E-04     2.0048E-01     1.0060E-01     1.7373E-03     9.8139E-02     1.5138E-04     8.8927E-03     1.6818E-02     0.0000E+00     1.5612E-02     8.8690E-03     2.6386E-02     2.2335E-02     1.1177E-02     1.4091E-03
  2.8912E+00     2.2379E+00    -3.5123E-01     1.3256E+00     1.6524E-02     9.0935E-03     0.0000E+00     8.4820E-07     3.1204E-05     1.6000E-06     1.9235E-04     1.4281E-04     1.5346E-04     0.0000E+00     7.1935E-02     1.7672E-04     5.1413E-02     2.6627E-04     1.8788E-01     9.7277E-02     5.4533E-03     8.5147E-02     1.4510E-04     8.6429E-03     1.6876E-02     0.0000E+00     1.6781E-02     8.6410E-03     2.8255E-02     2.5346E-02     1.0907E-02     1.3330E-03
  2.9547E+00     2.1849E+00    -3.5123E-01     1.3266E+00     1.5915E-02     8.6979E-03     0.0000E+00     8.2648E-07     3.0340E-05     1.4759E-06     1.8408E-04     1.3646E-04     1.4682E-04     0.0000E+00     6.8802E-02     1.7219E-04     5.1887E-02     2.8742E-04     2.0897E-01     9.4491E-02     7.9694E-03     1.0651E-01     1.3876E-04     8.5739E-03     1.6880E-02     0.0000E+00     1.7128E-02     8.4020E-03     1.7351E-02     2.4852E-02     1.0529E-02     1.2607E-03
  3.0192E+00     2.1331E+00    -3.5123E-01     1.3274E+00     1.5555E-02     8.2681E-03     0.0000E+00     7.4791E-07     2.9282E-05     1.3571E-06     1.7431E-04     1.3050E-04     1.3946E-04     0.0000E+00     6.9510E-02     1.6757E-04     5.2820E-02     3.0821E-04     2.0929E-01     9.2771E-02     4.3564E-03     1.1216E-01     1.3132E-04     8.3893E-03     1.6867E-02     0.0000E+00     1.8203E-02     8.0999E-03     1.7513E-02     2.6587E-02     1.0332E-02     1.1908E-03
  3.0847E+00     2.0825E+00    -3.5123E-01     1.3282E+00     1.5171E-02     7.8475E-03     0.0000E+00     7.0577E-07     2.8193E-05     1.2498E-06     1.6556E-04     1.2431E-04     1.3180E-04     0.0000E+00     6.9498E-02     1.6994E-04     4.9677E-02     2.6571E-04     1.9918E-01     9.0038E-02     3.8044E-03     1.0533E-01     1.2465E-04     8.1939E-03     1.6795E-02     0.0000E+00     1.9668E-02     7.8220E-03     2.8551E-02     2.9473E-02     1.0116E-02     1.1212E-03
  3.1513E+00     2.0331E+00    -3.5123E-01     1.3291E+00     1.4624E-02     7.4567E-03     0.0000E+00     6.4288E-07     2.7340E-05     1.1483E-06     1.5839E-04     1.1816E-04     1.2411E-04     0.0000E+00     6.8169E-02     1.6822E-04     4.7964E-02     2.4873E-04     2.2412E-01     8.6207E-02     7.4201E-03     1.3049E-01     1.1917E-04     8.0799E-03     1.6645E-02     0.0000E+00     1.9919E-02     7.5652E-03     3.0981E-02     2.7452E-02     9.7749E-03     1.0579E-03
  3.2190E+00     1.9848E+00    -3.5123E-01     1.3300E+00     1.4210E-02     7.0270E-03     0.0000E+00     6.0102E-07     2.6520E-05     1.0550E-06     1.4985E-04     1.1217E-04     1.1556E-04     0.0000E+00     6.9714E-02     1.6994E-04     4.9449E-02     3.4201E-04     2.3779E-01     8.3305E-02     8.7254E-03     1.4576E-01     1.1267E-04     7.8936E-03     1.6445E-02     0.0000E+00     1.7498E-02     7.3628E-03     3.1403E-02     2.2458E-02     9.5302E-03     9.9597E-04
  3.2878E+00     1.9377E+00    -3.5123E-01     1.3310E+00     1.3692E-02     6.5818E-03     0.0000E+00     5.2036E-07     2.4589E-05     9.6476E-07     1.4207E-04     1.0383E-04     1.0777E-04     0.0000E+00     6.8128E-02     1.5935E-04     4.7720E-02     2.8435E-04     2.1306E-01     8.1183E-02     1.0960E-02     1.2092E-01     1.0674E-04     7.5826E-03     1.6373E-02     0.0000E+00     1.7361E-02     7.1534E-03     2.7716E-02     2.3276E-02     9.2118E-03     9.3079E-04
  3.3577E+00     1.8917E+00    -3.5123E-01     1.3318E+00     1.3209E-02     6.1922E-03     0.0000E+00     3.9338E-07     2.3528E-05     8.7973E-07     1.3361E-04     9.8112E-05     1.0100E-04     0.0000E+00     6.7117E-02     1.5888E-04     4.6479E-02     2.7196E-04     2.1103E-01     7.8472E-02     3.7471E-03     1.2881E-01     1.0032E-04     7.4278E-03     1.6311E-02     0.0000E+00     1.6755E-02     6.9582E-03     1.6052E-02     2.2743E-02     8.9109E-03     8.7327E-04
  3.4288E+00     1.8467E+00    -3.5123E-01     1.3327E+00     1.2752E-02     5.8153E-03     0.0000E+00     3.7131E-07     2.2392E-05     7.9666E-07     1.2578E-04     9.2007E-05     9.4687E-05     0.0000E+00     6.8629E-02     1.5471E-04     4.6145E-02     2.6373E-04     2.0389E-01     7.5002E-02     8.2757E-04     1.2806E-01     9.4381E-05     7.2152E-03     1.6282E-02     0.0000E+00     1.7916E-02     6.6908E-03     1.8152E-02     2.4490E-02     8.6284E-03     8.1741E-04
  3.5010E+00     1.8028E+00    -3.5123E-01     1.3336E+00     1.2138E-02     5.4597E-03     0.0000E+00     3.2755E-07     2.1442E-05     7.2046E-07     1.1829E-04     8.6756E-05     8.8316E-05     0.0000E+00     6.7814E-02     1.5101E-04     4.4610E-02     2.7862E-04     2.1726E-01     7.1496E-02     7.3008E-04     1.4503E-01     8.8699E-05     7.1476E-03     1.6176E-02     0.0000E+00     1.6980E-02     6.4837E-03     4.2873E-02     2.2025E-02     8.2327E-03     7.5826E-04
  3.5744E+00     1.7599E+00    -3.5123E-01     1.3345E+00     1.1603E-02     5.0897E-03     0.0000E+00     3.2458E-07     2.0246E-05     6.5087E-07     1.1131E-04     8.0133E-05     8.2033E-05     0.0000E+00     6.6673E-02     1.4733E-04     4.2877E-02     2.5747E-04     1.9895E-01     6.8184E-02     2.8373E-03     1.2793E-01     8.3411E-05     6.9063E-03     1.6117E-02     0.0000E+00     1.7491E-02     6.2863E-03     3.6528E-02     2.3040E-02     7.8909E-03     7.0389E-04
  3.6490E+00     1.7180E+00    -3.5123E-01     1.3355E+00     1.0945E-02     4.7587E-03     0.0000E+00     3.2431E-07     1.9087E-05     5.8426E-07     1.0464E-04     7.4810E-05     7.6244E-05     0.0000E+00     6.6816E-02     1.4920E-04     4.1567E-02     2.5277E-04     2.0275E-01     6.4206E-02     5.5346E-03     1.3301E-01     7.8354E-05     6.8353E-03     1.6022E-02     0.0000E+00     1.8322E-02     6.1109E-03     2.8823E-02     2.3779E-02     7.4556E-03     6.5153E-04
  3.7248E+00     1.6771E+00    -3.5123E-01     1.3365E+00     1.0302E-02     4.4294E-03     0.0000E+00     2.9747E-07     1.7938E-05     5.1858E-07     9.7811E-05     6.9980E-05     7.0210E-05     0.0000E+00     6.3277E-02     1.4110E-04     4.0546E-02     2.5978E-04     2.1620E-01     6.0458E-02     7.3869E-03     1.4836E-01     7.3185E-05     6.7930E-03     1.5851E-02     0.0000E+00     1.7841E-02     5.9039E-03     1.5670E-02     2.2814E-02     7.0262E-03     6.0479E-04
  3.8018E+00     1.6372E+00    -3.5123E-01     1.3373E+00     9.8375E-03     4.0865E-03     0.0000E+00     1.9341E-07     1.6959E-05     4.5934E-07     9.0395E-05     6.5089E-05     6.4092E-05     0.0000E+00     6.2345E-02     1.4515E-04     4.0639E-02     2.8958E-04     2.0749E-01     5.7159E-02     9.5903E-05     1.5023E-01     6.7595E-05     6.6164E-03     1.5684E-02     0.0000E+00     1.6770E-02     5.7059E-03     1.1849E-02     2.0982E-02     6.7221E-03     5.6495E-04
  3.8801E+00     1.5982E+00    -3.5123E-01     1.3381E+00     9.3125E-03     3.7650E-03     0.0000E+00     1.9341E-07     1.5647E-05     4.0785E-07     8.4698E-05     5.8905E-05     5.8702E-05     0.0000E+00     6.2323E-02     1.3859E-04     3.7673E-02     2.2530E-04     1.8821E-01     5.4146E-02     1.2081E-04     1.3395E-01     6.3295E-05     6.3254E-03     1.5591E-02     0.0000E+00     1.7747E-02     5.4675E-03     6.6561E-03     2.2721E-02     6.3779E-03     5.2030E-04
  3.9597E+00     1.5601E+00    -3.5123E-01     1.3391E+00     8.6872E-03     3.4804E-03     0.0000E+00     1.9178E-07     1.4634E-05     3.5967E-07     7.8998E-05     5.4362E-05     5.3651E-05     0.0000E+00     6.0652E-02     1.3229E-04     3.5966E-02     2.2351E-04     1.8695E-01     5.0545E-02     4.1354E-04     1.3599E-01     5.8996E-05     6.2577E-03     1.5415E-02     0.0000E+00     1.8743E-02     5.2307E-03     3.0506E-02     2.3729E-02     5.9567E-03     4.7830E-04
  4.0406E+00     1.5229E+00    -3.5123E-01     1.3399E+00     8.1161E-03     3.2043E-03     0.0000E+00     1.9138E-07     1.3692E-05     3.1679E-07     7.2841E-05     5.0859E-05     4.8476E-05     0.0000E+00     5.8318E-02     1.1740E-04     3.5704E-02     2.2627E-04     2.1050E-01     4.6822E-02     1.3989E-03     1.6228E-01     5.4363E-05     6.2665E-03     1.5128E-02     0.0000E+00     1.7255E-02     5.0322E-03     2.6044E-02     2.0706E-02     5.5706E-03     4.4133E-04
  4.1228E+00     1.4866E+00    -3.5123E-01     1.3406E+00     7.6741E-03     2.9008E-03     0.0000E+00     1.8612E-07     1.2728E-05     2.7907E-07     6.6788E-05     4.5839E-05     4.3238E-05     0.0000E+00     5.8268E-02     1.1797E-04     3.6453E-02     2.6165E-04     1.9281E-01     4.4049E-02     3.5048E-03     1.4526E-01     4.9817E-05     5.9732E-03     1.4906E-02     0.0000E+00     1.6181E-02     4.8055E-03     1.7141E-02     1.9607E-02     5.2785E-03     4.0602E-04
  4.2063E+00     1.4512E+00    -3.5123E-01     1.3414E+00     7.1913E-03     2.6293E-03     0.0000E+00     1.8344E-07     1.1357E-05     2.4740E-07     6.0904E-05     4.1529E-05     3.8845E-05     0.0000E+00     5.6566E-02     1.0861E-04     3.2536E-02     2.1760E-04     1.7978E-01     4.1264E-02     3.2858E-03     1.3523E-01     4.5403E-05     5.7749E-03     1.4774E-02     0.0000E+00     1.7007E-02     4.6387E-03     1.5764E-02     2.0811E-02     4.9570E-03     3.6986E-04
  4.2912E+00     1.4166E+00    -3.5123E-01     1.3422E+00     6.6705E-03     2.3821E-03     0.0000E+00     1.4404E-07     1.0507E-05     2.1756E-07     5.5552E-05     3.7804E-05     3.4642E-05     0.0000E+00     5.2574E-02     1.0099E-04     3.1545E-02     2.1793E-04     1.7557E-01     3.8358E-02     1.5785E-03     1.3563E-01     4.1389E-05     5.6673E-03     1.4542E-02     0.0000E+00     1.6595E-02     4.4512E-03     2.9533E-02     1.9879E-02     4.6034E-03     3.3771E-04
  4.3775E+00     1.3828E+00    -3.5123E-01     1.3429E+00     6.2091E-03     2.1464E-03     0.0000E+00     1.3341E-07     9.5581E-06     1.9215E-07     5.0557E-05     3.4045E-05     3.0730E-05     0.0000E+00     5.1216E-02     9.1294E-05     2.9404E-02     2.0033E-04     1.6036E-01     3.5535E-02     3.1743E-03     1.2165E-01     3.7649E-05     5.4831E-03     1.4317E-02     0.0000E+00     1.6916E-02     4.2687E-03     2.2491E-02     2.0465E-02     4.2904E-03     3.0897E-04
  4.4652E+00     1.3498E+00    -3.5123E-01     1.3435E+00     5.7492E-03     1.9363E-03     0.0000E+00     1.1969E-07     8.6873E-06     1.6956E-07     4.5643E-05     3.1222E-05     2.7175E-05     0.0000E+00     4.9422E-02     8.3938E-05     3.1308E-02     2.2929E-04     1.6288E-01     3.2645E-02     3.4354E-03     1.2680E-01     3.3972E-05     5.4306E-03     1.4035E-02     0.0000E+00     1.5684E-02     4.1227E-03     2.0842E-02     1.8520E-02     3.9769E-03     2.8174E-04
  4.5543E+00     1.3175E+00    -3.5123E-01     1.3442E+00     5.3330E-03     1.7278E-03     0.0000E+00     8.2221E-08     7.8359E-06     1.4839E-07     4.1201E-05     2.7733E-05     2.3906E-05     0.0000E+00     4.5322E-02     7.3553E-05     2.3662E-02     1.5640E-04     1.3575E-01     3.0189E-02     1.4591E-03     1.0410E-01     3.0652E-05     5.2003E-03     1.3836E-02     0.0000E+00     1.6745E-02     4.0093E-03     3.6799E-02     2.0157E-02     3.6946E-03     2.5580E-04
  4.6449E+00     1.2861E+00    -3.5123E-01     1.3448E+00     4.8652E-03     1.5583E-03     0.0000E+00     8.0379E-08     7.1566E-06     1.2848E-07     3.7552E-05     2.5110E-05     2.1067E-05     0.0000E+00     4.4434E-02     7.6695E-05     2.4819E-02     1.5821E-04     1.4164E-01     2.7472E-02     3.3028E-03     1.1086E-01     2.7924E-05     5.1612E-03     1.3519E-02     0.0000E+00     1.5007E-02     3.8138E-03     2.6572E-02     1.7436E-02     3.3707E-03     2.3310E-04
  4.7369E+00     1.2554E+00    -3.5123E-01     1.3454E+00     4.4654E-03     1.3855E-03     0.0000E+00     8.0379E-08     6.4674E-06     1.0949E-07     3.4229E-05     2.1743E-05     1.8474E-05     0.0000E+00     4.1772E-02     6.9040E-05     2.4583E-02     1.7186E-04     1.2381E-01     2.5096E-02     4.0228E-03     9.4690E-02     2.5442E-05     4.8693E-03     1.3334E-02     0.0000E+00     1.5346E-02     3.6058E-03     1.7141E-02     1.8381E-02     3.0957E-03     2.1199E-04
  4.8305E+00     1.2254E+00    -3.5123E-01     1.3459E+00     4.0877E-03     1.2381E-03     0.0000E+00     3.8010E-08     5.7607E-06     9.2266E-08     3.0860E-05     1.9453E-05     1.6212E-05     0.0000E+00     4.0822E-02     6.9051E-05     2.1112E-02     1.2560E-04     1.2215E-01     2.2756E-02     2.1441E-03     9.7255E-02     2.2929E-05     4.7590E-03     1.3094E-02     0.0000E+00     1.5120E-02     3.3453E-03     1.9019E-02     1.7789E-02     2.8384E-03     1.8956E-04
  4.9256E+00     1.1961E+00    -3.5123E-01     1.3464E+00     3.6820E-03     1.0961E-03     0.0000E+00     2.7226E-08     5.3119E-06     7.8459E-08     2.7992E-05     1.6837E-05     1.4065E-05     0.0000E+00     3.9861E-02     6.2772E-05     2.0631E-02     1.5824E-04     1.1601E-01     2.0320E-02     1.7930E-03     9.3893E-02     2.0790E-05     4.5727E-03     1.2832E-02     0.0000E+00     1.4064E-02     3.1981E-03     1.1333E-02     1.6468E-02     2.5571E-03     1.7029E-04
  5.0222E+00     1.1676E+00    -3.5123E-01     1.3470E+00     3.2942E-03     9.6440E-04     0.0000E+00     2.1320E-09     4.6490E-06     6.6266E-08     2.4935E-05     1.4672E-05     1.2213E-05     0.0000E+00     3.7565E-02     5.5989E-05     1.9048E-02     1.3005E-04     1.0659E-01     1.7924E-02     0.0000E+00     8.8667E-02     1.8512E-05     4.4538E-03     1.2664E-02     0.0000E+00     1.4615E-02     3.0560E-03     0.0000E+00     1.6952E-02     2.2877E-03     1.5251E-04
  5.1204E+00     1.1397E+00    -3.5123E-01     1.3475E+00     2.9174E-03     8.4628E-04     0.0000E+00     2.1320E-09     4.1552E-06     5.5488E-08     2.1781E-05     1.3205E-05     1.0487E-05     0.0000E+00     3.4939E-02     4.8598E-05     1.8864E-02     1.3467E-04     1.1517E-01     1.5792E-02     0.0000E+00     9.9379E-02     1.6164E-05     4.5263E-03     1.2392E-02     0.0000E+00     1.3401E-02     2.8654E-03     0.0000E+00     1.5075E-02     2.0268E-03     1.3420E-04
  5.2202E+00     1.1124E+00    -3.5123E-01     1.3479E+00     2.6485E-03     7.2170E-04     0.0000E+00     2.1320E-09     3.6793E-06     4.6157E-08     1.8767E-05     1.1194E-05     8.8172E-06     0.0000E+00     3.3140E-02     4.3797E-05     1.8262E-02     1.5872E-04     9.3007E-02     1.4105E-02     0.0000E+00     7.8902E-02     1.3924E-05     4.2266E-03     1.2217E-02     0.0000E+00     1.3310E-02     2.6872E-03     0.0000E+00     1.5209E-02     1.8448E-03     1.1708E-04
  5.3216E+00     1.0858E+00    -3.5123E-01     1.3483E+00     2.3158E-03     6.2349E-04     0.0000E+00     2.1320E-09     3.0073E-06     3.8838E-08     1.6326E-05     9.6659E-06     7.5100E-06     0.0000E+00     3.0609E-02     3.7148E-05     1.6404E-02     9.9642E-05     8.9533E-02     1.2367E-02     0.0000E+00     7.7166E-02     1.2108E-05     4.1739E-03     1.2045E-02     0.0000E+00     1.3245E-02     2.5680E-03     0.0000E+00     1.4956E-02     1.6133E-03     1.0208E-04
  5.4247E+00     1.0599E+00    -3.5123E-01     1.3486E+00     2.0590E-03     5.3118E-04     0.0000E+00     2.1320E-09     2.6865E-06     3.2423E-08     1.3954E-05     8.3004E-06     6.2874E-06     0.0000E+00     2.6527E-02     3.1192E-05     1.3762E-02     1.0880E-04     7.8725E-02     1.0693E-02     0.0000E+00     6.8032E-02     1.0347E-05     4.0314E-03     1.1837E-02     0.0000E+00     1.3598E-02     2.3890E-03     0.0000E+00     1.5360E-02     1.4371E-03     8.8078E-05
  5.5295E+00     1.0345E+00    -3.5123E-01     1.3490E+00     1.8213E-03     4.5195E-04     0.0000E+00     2.1320E-09     2.3226E-06     2.7137E-08     1.1791E-05     7.2831E-06     5.2099E-06     0.0000E+00     2.5044E-02     3.0768E-05     1.4354E-02     1.1627E-04     7.8228E-02     9.6260E-03     0.0000E+00     6.8602E-02     8.7409E-06     3.9989E-03     1.1528E-02     0.0000E+00     1.2242E-02     2.2246E-03     0.0000E+00     1.3648E-02     1.2724E-03     7.6724E-05
  5.6360E+00     1.0098E+00    -3.5123E-01     1.3492E+00     1.6168E-03     3.7509E-04     0.0000E+00     2.1320E-09     1.9248E-06     2.2795E-08     9.8981E-06     5.9875E-06     4.2690E-06     0.0000E+00     2.3588E-02     2.4103E-05     1.1284E-02     8.6631E-05     6.2533E-02     8.4174E-03     0.0000E+00     5.4116E-02     7.3361E-06     3.7033E-03     1.1381E-02     0.0000E+00     1.2724E-02     2.1141E-03     0.0000E+00     1.4374E-02     1.1309E-03     6.6757E-05
  5.7442E+00     9.8566E-01    -3.5123E-01     1.3495E+00     1.3893E-03     3.1512E-04     0.0000E+00     2.1320E-09     1.6382E-06     1.8952E-08     8.2896E-06     5.1365E-06     3.5059E-06     0.0000E+00     1.9991E-02     1.8370E-05     1.1073E-02     8.5978E-05     5.5193E-02     7.3410E-03     7.0005E-05     4.7782E-02     6.1426E-06     3.6973E-03     1.1126E-02     0.0000E+00     1.2805E-02     2.0155E-03     1.3318E-02     1.4462E-02     9.7194E-04     5.7139E-05
  5.8542E+00     9.6209E-01    -3.5123E-01     1.3497E+00     1.2251E-03     2.6344E-04     0.0000E+00     2.1320E-09     1.3723E-06     1.5059E-08     6.8102E-06     4.5009E-06     2.8442E-06     0.0000E+00     1.9731E-02     1.6435E-05     1.0576E-02     8.1351E-05     5.2809E-02     6.3732E-03     3.9480E-04     4.6041E-02     5.0456E-06     3.6739E-03     1.0796E-02     0.0000E+00     1.1632E-02     2.0276E-03     4.7113E-03     1.3021E-02     8.5739E-04     5.0104E-05
  5.9659E+00     9.3908E-01    -3.5123E-01     1.3500E+00     1.0538E-03     2.1517E-04     0.0000E+00     0.0000E+00     1.0894E-06     1.2539E-08     5.6018E-06     3.6772E-06     2.2827E-06     0.0000E+00     1.6436E-02     1.2020E-05     8.5384E-03     4.8403E-05     4.0759E-02     5.5473E-03     0.0000E+00     3.5212E-02     4.1496E-06     3.4895E-03     1.0609E-02     0.0000E+00     1.1972E-02     1.9547E-03     0.0000E+00     1.3550E-02     7.3862E-04     4.1975E-05
  6.0795E+00     9.1661E-01    -3.5123E-01     1.3501E+00     9.1233E-04     1.7881E-04     0.0000E+00     0.0000E+00     9.6278E-07     1.0824E-08     4.6522E-06     3.1082E-06     1.8474E-06     0.0000E+00     1.4426E-02     1.0689E-05     7.9919E-03     5.8103E-05     3.3837E-02     4.8438E-03     0.0000E+00     2.8993E-02     3.4457E-06     3.4069E-03     1.0332E-02     0.0000E+00     1.2376E-02     1.8632E-03     0.0000E+00     1.4133E-02     6.3991E-04     3.5895E-05
  6.1950E+00     8.9469E-01    -3.5123E-01     1.3503E+00     7.7522E-04     1.4934E-04     0.0000E+00     0.0000E+00     7.9118E-07     9.0920E-09     3.8715E-06     2.6701E-06     1.4827E-06     0.0000E+00     1.1681E-02     9.1305E-06     5.1755E-03     3.5886E-05     2.8942E-02     4.1594E-03     0.0000E+00     2.4783E-02     2.8671E-06     3.4444E-03     9.9282E-03     0.0000E+00     1.2960E-02     1.8578E-03     0.0000E+00     1.4824E-02     5.4369E-04     3.0549E-05
  6.3123E+00     8.7328E-01    -3.5123E-01     1.3504E+00     6.7129E-04     1.2473E-04     0.0000E+00     0.0000E+00     6.7449E-07     7.5008E-09     3.2130E-06     2.3252E-06     1.1637E-06     0.0000E+00     1.1450E-02     1.0809E-05     5.5707E-03     3.4249E-05     3.0842E-02     3.5441E-03     0.0000E+00     2.7298E-02     2.3793E-06     3.4638E-03     9.3300E-03     0.0000E+00     1.0733E-02     1.7024E-03     0.0000E+00     1.1906E-02     4.7106E-04     2.6185E-05
  6.4315E+00     8.5238E-01    -3.5123E-01     1.3505E+00     5.7872E-04     9.9132E-05     0.0000E+00     0.0000E+00     5.7283E-07     6.3265E-09     2.6349E-06     1.8028E-06     8.8898E-07     0.0000E+00     1.0915E-02     8.1272E-06     5.2256E-03     4.0167E-05     2.5067E-02     2.8881E-03     0.0000E+00     2.2179E-02     1.9510E-06     3.1151E-03     8.9676E-03     0.0000E+00     9.9995E-03     1.5386E-03     0.0000E+00     1.1101E-02     4.0606E-04     2.2625E-05
  6.5527E+00     8.3199E-01    -3.5123E-01     1.3507E+00     4.7820E-04     7.8824E-05     0.0000E+00     0.0000E+00     4.4414E-07     5.3504E-09     2.1561E-06     1.3934E-06     6.8590E-07     0.0000E+00     8.9838E-03     5.1155E-06     4.3540E-03     2.7897E-05     2.0354E-02     2.4599E-03     0.0000E+00     1.7894E-02     1.5963E-06     2.9139E-03     8.7017E-03     0.0000E+00     9.4419E-03     1.4545E-03     0.0000E+00     1.0540E-02     3.3582E-04     1.8402E-05
  6.6759E+00     8.1208E-01    -3.5123E-01     1.3508E+00     3.9489E-04     6.2729E-05     0.0000E+00     0.0000E+00     3.7206E-07     4.2631E-09     1.7967E-06     1.0400E-06     5.3394E-07     0.0000E+00     7.8205E-03     4.7650E-06     3.8203E-03     2.9919E-05     1.6842E-02     2.0186E-03     0.0000E+00     1.4823E-02     1.3301E-06     2.6336E-03     8.5118E-03     0.0000E+00     7.7293E-03     1.3481E-03     0.0000E+00     8.5982E-03     2.7778E-04     1.4736E-05
  6.8010E+00     7.9264E-01    -3.5123E-01     1.3508E+00     3.2457E-04     4.9727E-05     0.0000E+00     0.0000E+00     2.7328E-07     3.6627E-09     1.4895E-06     7.4904E-07     4.3344E-07     0.0000E+00     6.6395E-03     3.1431E-06     2.7943E-03     1.9947E-05     1.1253E-02     1.6873E-03     0.0000E+00     9.5653E-03     1.1026E-06     2.3078E-03     8.7164E-03     0.0000E+00     9.0491E-03     1.3103E-03     0.0000E+00     1.0414E-02     2.2863E-04     1.1789E-05
  6.9283E+00     7.7367E-01    -3.5123E-01     1.3509E+00     2.5428E-04     4.1247E-05     0.0000E+00     0.0000E+00     2.1457E-07     3.3049E-09     1.2168E-06     6.4279E-07     3.5670E-07     0.0000E+00     5.4584E-03     3.5424E-06     2.0236E-03     1.2648E-05     1.0674E-02     1.2824E-03     0.0000E+00     9.3917E-03     9.0072E-07     2.5279E-03     8.6480E-03     0.0000E+00     9.3991E-03     1.2399E-03     0.0000E+00     1.0513E-02     1.7886E-04     9.4961E-06
  7.0575E+00     7.5515E-01    -3.5123E-01     1.3510E+00     2.0388E-04     3.3395E-05     0.0000E+00     0.0000E+00     1.8487E-07     2.3204E-09     9.8516E-07     5.2635E-07     2.8290E-07     0.0000E+00     4.5351E-03     1.8863E-06     1.5600E-03     8.0079E-06     1.0669E-02     9.3109E-04     0.0000E+00     9.7376E-03     7.2921E-07     2.5817E-03     8.4714E-03     0.0000E+00     7.3961E-03     1.1747E-03     0.0000E+00     7.9909E-03     1.4331E-04     7.7071E-06
  7.1889E+00     7.3707E-01    -3.5123E-01     1.3510E+00     1.6684E-04     2.5736E-05     0.0000E+00     0.0000E+00     1.6655E-07     1.9405E-09     8.0476E-07     3.5182E-07     2.2625E-07     0.0000E+00     3.5663E-03     1.0844E-06     2.6839E-03     2.3302E-05     6.3087E-03     8.6525E-04     0.0000E+00     5.4434E-03     5.9566E-07     2.1087E-03     8.7915E-03     0.0000E+00     8.3472E-03     1.1255E-03     0.0000E+00     9.4951E-03     1.1806E-04     5.5312E-06
  7.3225E+00     7.1943E-01    -3.5123E-01     1.3511E+00     1.3731E-04     2.1314E-05     0.0000E+00     0.0000E+00     1.1007E-07     1.4361E-09     6.1919E-07     3.3672E-07     1.8935E-07     0.0000E+00     3.2767E-03     1.9523E-06     1.3031E-03     5.1344E-06     4.9637E-03     6.9979E-04     0.0000E+00     4.2639E-03     4.5830E-07     2.4522E-03     8.8836E-03     0.0000E+00     1.1724E-02     1.0023E-03     0.0000E+00     1.3484E-02     9.7547E-05     4.1659E-06
  7.4582E+00     7.0220E-01    -3.5123E-01     1.3511E+00     1.0641E-04     1.7918E-05     0.0000E+00     0.0000E+00     9.9645E-08     1.0643E-09     5.1412E-07     2.9914E-07     1.4953E-07     0.0000E+00     2.8347E-03     1.2232E-06     9.7365E-04     4.7869E-06     5.3771E-03     4.9818E-04     0.0000E+00     4.8789E-03     3.8052E-07     2.8110E-03     8.3452E-03     0.0000E+00     1.1005E-02     8.2657E-04     0.0000E+00     1.2044E-02     7.5714E-05     3.1120E-06
  7.5961E+00     6.8539E-01    -3.5123E-01     1.3511E+00     8.2223E-05     1.4328E-05     0.0000E+00     0.0000E+00     8.9556E-08     6.6285E-10     4.0864E-07     2.5120E-07     1.1002E-07     0.0000E+00     1.8033E-03     4.2909E-07     8.9100E-04     4.4516E-06     5.8035E-03     3.7638E-04     0.0000E+00     5.4271E-03     3.0244E-07     3.0551E-03     7.6786E-03     0.0000E+00     8.6240E-03     6.8640E-04     0.0000E+00     9.1744E-03     5.8604E-05     2.3017E-06
  7.7363E+00     6.6898E-01    -3.5123E-01     1.3511E+00     7.2635E-05     1.0544E-05     0.0000E+00     0.0000E+00     8.0634E-08     1.8671E-10     3.1594E-07     1.7325E-07     7.7390E-08     0.0000E+00     1.8767E-03     7.6436E-07     1.1066E-03     1.2108E-05     3.5667E-03     3.0856E-04     0.0000E+00     3.2581E-03     2.3383E-07     2.3851E-03     7.3395E-03     0.0000E+00     8.6759E-03     5.9144E-04     0.0000E+00     9.4416E-03     5.1968E-05     1.8362E-06
  7.8787E+00     6.5296E-01    -3.5123E-01     1.3512E+00     5.4709E-05     8.2753E-06     0.0000E+00     0.0000E+00     4.9283E-08     1.5739E-10     2.5595E-07     1.3100E-07     5.7703E-08     0.0000E+00     1.6615E-03     5.4363E-07     5.0603E-04     4.5893E-06     2.9768E-03     2.5670E-04     0.0000E+00     2.7201E-03     1.8943E-07     2.3944E-03     6.9730E-03     0.0000E+00     9.4273E-03     5.1256E-04     0.0000E+00     1.0269E-02     3.9095E-05     1.4299E-06
  8.0235E+00     6.3732E-01    -3.5123E-01     1.3512E+00     3.9818E-05     6.4266E-06     0.0000E+00     0.0000E+00     3.9251E-08     1.5739E-10     1.9510E-07     1.0994E-07     4.0275E-08     0.0000E+00     1.4299E-03     2.7041E-07     5.4928E-04     2.1596E-06     2.8269E-03     1.5513E-04     0.0000E+00     2.6718E-03     1.4440E-07     2.7610E-03     6.2670E-03     0.0000E+00     9.1265E-03     3.9406E-04     0.0000E+00     9.6335E-03     2.8387E-05     1.1078E-06
  8.1707E+00     6.2206E-01    -3.5123E-01     1.3512E+00     2.8591E-05     4.7128E-06     0.0000E+00     0.0000E+00     3.5359E-08     1.5739E-10     1.3535E-07     9.3250E-08     2.4635E-08     0.0000E+00     1.2196E-03     2.4693E-07     4.9402E-04     4.9618E-06     2.9616E-03     9.8032E-05     0.0000E+00     2.8636E-03     1.0017E-07     3.2615E-03     5.2272E-03     0.0000E+00     6.3299E-03     3.1073E-04     0.0000E+00     6.5359E-03     2.0434E-05     7.4436E-07
  8.3202E+00     6.0716E-01    -3.5123E-01     1.3512E+00     1.9813E-05     2.9605E-06     0.0000E+00     0.0000E+00     2.3683E-08     1.5739E-10     9.4705E-08     5.0827E-08     1.3543E-08     0.0000E+00     6.8777E-04     1.2482E-07     6.2818E-04     6.1813E-06     1.8767E-03     6.0427E-05     0.0000E+00     1.8163E-03     7.0089E-08     2.5654E-03     4.5745E-03     0.0000E+00     3.8244E-03     3.1407E-04     0.0000E+00     3.9412E-03     1.4155E-05     5.2111E-07
  8.4722E+00     5.9262E-01    -3.5123E-01     1.3512E+00     1.5960E-05     1.8766E-06     0.0000E+00     0.0000E+00     1.1278E-08     0.0000E+00     7.0062E-08     2.1373E-08     9.3974E-09     0.0000E+00     5.0405E-04     7.5843E-08     2.3782E-04     1.7062E-06     5.2821E-04     7.1457E-05     0.0000E+00     4.5676E-04     5.1851E-08     1.3392E-03     5.0077E-03     0.0000E+00     7.3683E-03     3.2182E-04     0.0000E+00     8.4707E-03     1.1402E-05     4.2008E-07
  8.6266E+00     5.7843E-01    -3.5123E-01     1.3512E+00     1.0848E-05     1.5788E-06     0.0000E+00     0.0000E+00     8.2761E-09     0.0000E+00     5.8622E-08     1.9007E-08     7.2032E-09     0.0000E+00     4.2036E-04     3.9961E-08     1.3053E-04     5.7401E-07     7.1794E-04     4.7059E-05     0.0000E+00     6.7088E-04     4.3385E-08     1.7521E-03     4.5625E-03     0.0000E+00     7.4456E-03     2.3697E-04     0.0000E+00     7.9513E-03     7.7354E-06     3.0005E-07
  8.7836E+00     5.6457E-01    -3.5123E-01     1.3512E+00     8.4446E-06     1.1837E-06     0.0000E+00     0.0000E+00     7.3170E-09     0.0000E+00     3.5891E-08     2.3451E-08     4.2616E-09     0.0000E+00     5.0734E-04     2.7514E-08     3.1884E-04     2.1131E-06     1.2358E-03     3.1035E-05     0.0000E+00     1.2047E-03     2.6562E-08     2.7770E-03     3.6002E-03     0.0000E+00     4.3733E-03     1.4792E-04     0.0000E+00     4.4822E-03     6.0054E-06     2.4981E-07
  8.9432E+00     5.5105E-01    -3.5123E-01     1.3512E+00     6.9427E-06     5.1992E-07     0.0000E+00     0.0000E+00     3.6396E-09     0.0000E+00     1.4979E-08     1.1599E-08     1.3586E-09     0.0000E+00     3.7726E-04     8.2760E-09     2.4641E-04     9.5659E-07     6.8714E-04     2.7142E-05     0.0000E+00     6.6000E-04     1.1085E-08     1.6707E-03     2.6132E-03     0.0000E+00     2.9252E-03     1.4776E-04     0.0000E+00     3.0395E-03     4.9438E-06     1.9892E-07
  9.1053E+00     5.3785E-01    -3.5123E-01     1.3512E+00     5.8221E-06     1.5964E-07     0.0000E+00     0.0000E+00     2.1792E-09     0.0000E+00     5.4039E-09     2.8694E-09     3.0476E-10     0.0000E+00     3.7708E-04     2.8522E-09     2.4920E-04     1.1167E-06     1.9506E-04     1.7789E-05     0.0000E+00     1.7727E-04     3.9993E-09     4.9285E-04     1.9090E-03     0.0000E+00     1.9878E-03     8.2168E-05     0.0000E+00     2.1791E-03     4.1836E-06     1.2901E-07
  9.2701E+00     5.2497E-01    -3.5123E-01     1.3512E+00     2.5103E-06     5.9836E-08     0.0000E+00     0.0000E+00     4.2876E-10     0.0000E+00     1.5767E-09     1.5321E-09     1.0636E-10     0.0000E+00     2.3834E-04     4.3760E-10     1.1664E-04     2.9805E-07     1.1911E-04     5.7973E-06     0.0000E+00     1.1332E-04     1.1669E-09     6.1031E-04     1.7774E-03     0.0000E+00     1.7873E-03     4.4802E-05     0.0000E+00     1.8765E-03     1.7925E-06     6.6990E-08
  9.4376E+00     5.1239E-01    -3.5123E-01     1.3512E+00     5.3810E-07     3.3597E-10     0.0000E+00     0.0000E+00     0.0000E+00     0.0000E+00     9.2984E-13     1.7115E-11     8.1453E-15     0.0000E+00     4.7881E-05     2.6401E-14     4.0175E-06     7.5776E-11     6.8910E-07     6.8910E-07     0.0000E+00     0.0000E+00     6.8815E-13     3.1806E-05     2.4244E-05     0.0000E+00     2.4244E-05     2.4244E-05     0.0000E+00     0.0000E+00     3.8567E-07     1.2923E-08
  9.6078E+00     5.0011E-01    -3.5123E-01     1.3512E+00     0.0000E+00     0.0000E+00     0.0000E+00     0.0000E+00     0.0000E+00     0.0000E+00     0.0000E+00     0.0000E+00     0.0000E+00     0.0000E+00     0.0000E+00     0.0000E+00     0.0000E+00     0.0000E+00     0.0000E+00     0.0000E+00     0.0000E+00     0.0000E+00     0.0000E+00     0.0000E+00     0.0000E+00     0.0000E+00     0.0000E+00     0.0000E+00     0.0000E+00     0.0000E+00     0.0000E+00     0.0000E+00
  9.7808E+00     4.8813E-01    -3.5123E-01     1.3512E+00     0.0000E+00     0.0000E+00     0.0000E+00     0.0000E+00     0.0000E+00     0.0000E+00     0.0000E+00     0.0000E+00     0.0000E+00     0.0000E+00     0.0000E+00     0.0000E+00     0.0000E+00     0.0000E+00     0.0000E+00     0.0000E+00     0.0000E+00     0.0000E+00     0.0000E+00     0.0000E+00     0.0000E+00     0.0000E+00     0.0000E+00     0.0000E+00     0.0000E+00     0.0000E+00     0.0000E+00     0.0000E+00
