#  z               t/Gyr               f_unresolved        f_hot               f_cold              f_stars             f_lost              fM_SMBH(mrgr)       fM_SMBH(dskstab)    fM_SMBH(halofb)     fz_hot              fz_cold             fz_stars            fz_lost             fdot_cool           fzdot_cool          fdot_outflow        fzdot_outflow       sfr(tot)/V          sfr(cts)/V          sfr(bst,mrgr)/V     sfr(bst,dskstab)/V  Z_hot               Z_cold              Z_stars             Z_lost              Zstf(tot)           Zstf(cts)           Zstf(bst,mrgr)      Zstf(bst,dskstab)   f_cold_mol          f_cold_atom
  0.0000E+00     1.3810E+01     1.0000E+00     0.0000E+00     0.0000E+00     0.0000E+00     0.0000E+00     0.0000E+00     0.0000E+00     0.0000E+00     0.0000E+00     0.0000E+00     0.0000E+00     0.0000E+00     0.0000E+00     0.0000E+00     0.0000E+00     0.0000E+00     0.0000E+00     0.0000E+00     0.0000E+00     0.0000E+00     0.0000E+00     0.0000E+00     0.0000E+00     0.0000E+00     0.0000E+00     0.0000E+00     0.0000E+00     0.0000E+00     0.0000E+00     0.0000E+00
  8.0874E-03     1.3693E+01     1.0000E+00     0.0000E+00     0.0000E+00     0.0000E+00     0.0000E+00     0.0000E+00     0.0000E+00     0.0000E+00     0.0000E+00     0.0000E+00     0.0000E+00     0.0000E+00     0.0000E+00     0.0000E+00     0.0000E+00     0.0000E+00     0.0000E+00     0.0000E+00     0.0000E+00     0.0000E+00     0.0000E+00     0.0000E+00     0.0000E+00     0.0000E+00     0.0000E+00     0.0000E+00     0.0000E+00     0.0000E+00     0.0000E+00     0.0000E+00
  1.6307E-02     1.3576E+01     1.0000E+00     0.0000E+00     0.0000E+00     0.0000E+00     0.0000E+00     0.0000E+00     0.0000E+00     0.0000E+00     0.0000E+00     0.0000E+00     0.0000E+00     0.0000E+00     0.0000E+00     0.0000E+00     0.0000E+00     0.0000E+00     0.0000E+00     0.0000E+00     0.0000E+00     0.0000E+00     0.0000E+00     0.0000E+00     0.0000E+00     0.0000E+00     0.0000E+00     0.0000E+00     0.0000E+00     0.0000E+00     0.0000E+00     0.0000E+00
  3.2879E-02     1.3345E+01     1.0000E+00     0.0000E+00     0.0000E+00     0.0000E+00     0.0000E+00     0.0000E+00     0.0000E+00     0.0000E+00     0.0000E+00     0.0000E+00     0.0000E+00     0.0000E+00     0.0000E+00     0.0000E+00     0.0000E+00     0.0000E+00     0.0000E+00     0.0000E+00     0.0000E+00     0.0000E+00     0.0000E+00     0.0000E+00     0.0000E+00     0.0000E+00     0.0000E+00     0.0000E+00     0.0000E+00     0.0000E+00     0.0000E+00     0.0000E+00
  4.9722E-02     1.3115E+01     1.0000E+00     0.0000E+00     0.0000E+00     0.0000E+00     0.0000E+00     0.0000E+00     0.0000E+00     0.0000E+00     0.0000E+00     0.0000E+00     0.0000E+00     0.0000E+00     0.0000E+00     0.0000E+00     0.0000E+00     0.0000E+00     0.0000E+00     0.0000E+00     0.0000E+00     0.0000E+00     0.0000E+00     0.0000E+00     0.0000E+00     0.0000E+00     0.0000E+00     0.0000E+00     0.0000E+00     0.0000E+00     0.0000E+00     0.0000E+00
  6.6840E-02     1.2887E+01     1.0000E+00     0.0000E+00     0.0000E+00     0.0000E+00     0.0000E+00     0.0000E+00     0.0000E+00     0.0000E+00     0.0000E+00     0.0000E+00     0.0000E+00     0.0000E+00     0.0000E+00     0.0000E+00     0.0000E+00     0.0000E+00     0.0000E+00     0.0000E+00     0.0000E+00     0.0000E+00     0.0000E+00     0.0000E+00     0.0000E+00     0.0000E+00     0.0000E+00     0.0000E+00     0.0000E+00     0.0000E+00     0.0000E+00     0.0000E+00
  8.4237E-02     1.2661E+01     1.0000E+00     0.0000E+00     0.0000E+00     0.0000E+00     0.0000E+00     0.0000E+00     0.0000E+00     0.0000E+00     0.0000E+00     0.0000E+00     0.0000E+00     0.0000E+00     0.0000E+00     0.0000E+00     0.0000E+00     0.0000E+00     0.0000E+00     0.0000E+00     0.0000E+00     0.0000E+00     0.0000E+00     0.0000E+00     0.0000E+00     0.0000E+00     0.0000E+00     0.0000E+00     0.0000E+00     0.0000E+00     0.0000E+00     0.0000E+00
  1.0192E-01     1.2438E+01     1.0000E+00     0.0000E+00     0.0000E+00     0.0000E+00     0.0000E+00     0.0000E+00     0.0000E+00     0.0000E+00     0.0000E+00     0.0000E+00     0.0000E+00     0.0000E+00     0.0000E+00     0.0000E+00     0.0000E+00     0.0000E+00     0.0000E+00     0.0000E+00     0.0000E+00     0.0000E+00     0.0000E+00     0.0000E+00     0.0000E+00     0.0000E+00     0.0000E+00     0.0000E+00     0.0000E+00     0.0000E+00     0.0000E+00     0.0000E+00
  1.1989E-01     1.2216E+01     1.0000E+00     0.0000E+00     0.0000E+00     0.0000E+00     0.0000E+00     0.0000E+00     0.0000E+00     0.0000E+00     0.0000E+00     0.0000E+00     0.0000E+00     0.0000E+00     0.0000E+00     0.0000E+00     0.0000E+00     0.0000E+00     0.0000E+00     0.0000E+00     0.0000E+00     0.0000E+00     0.0000E+00     0.0000E+00     0.0000E+00     0.0000E+00     0.0000E+00     0.0000E+00     0.0000E+00     0.0000E+00     0.0000E+00     0.0000E+00
  1.3815E-01     1.1996E+01     1.0000E+00     0.0000E+00     0.0000E+00     0.0000E+00     0.0000E+00     0.0000E+00     0.0000E+00     0.0000E+00     0.0000E+00     0.0000E+00     0.0000E+00     0.0000E+00     0.0000E+00     0.0000E+00     0.0000E+00     0.0000E+00     0.0000E+00     0.0000E+00     0.0000E+00     0.0000E+00     0.0000E+00     0.0000E+00     0.0000E+00     0.0000E+00     0.0000E+00     0.0000E+00     0.0000E+00     0.0000E+00     0.0000E+00     0.0000E+00
  1.5671E-01     1.1778E+01     1.0000E+00     0.0000E+00     0.0000E+00     0.0000E+00     0.0000E+00     0.0000E+00     0.0000E+00     0.0000E+00     0.0000E+00     0.0000E+00     0.0000E+00     0.0000E+00     0.0000E+00     0.0000E+00     0.0000E+00     0.0000E+00     0.0000E+00     0.0000E+00     0.0000E+00     0.0000E+00     0.0000E+00     0.0000E+00     0.0000E+00     0.0000E+00     0.0000E+00     0.0000E+00     0.0000E+00     0.0000E+00     0.0000E+00     0.0000E+00
  1.7557E-01     1.1563E+01     1.0000E+00     0.0000E+00     0.0000E+00     0.0000E+00     0.0000E+00     0.0000E+00     0.0000E+00     0.0000E+00     0.0000E+00     0.0000E+00     0.0000E+00     0.0000E+00     0.0000E+00     0.0000E+00     0.0000E+00     0.0000E+00     0.0000E+00     0.0000E+00     0.0000E+00     0.0000E+00     0.0000E+00     0.0000E+00     0.0000E+00     0.0000E+00     0.0000E+00     0.0000E+00     0.0000E+00     0.0000E+00     0.0000E+00     0.0000E+00
  1.9474E-01     1.1350E+01     1.0000E+00     0.0000E+00     0.0000E+00     0.0000E+00     0.0000E+00     0.0000E+00     0.0000E+00     0.0000E+00     0.0000E+00     0.0000E+00     0.0000E+00     0.0000E+00     0.0000E+00     0.0000E+00     0.0000E+00     0.0000E+00     0.0000E+00     0.0000E+00     0.0000E+00     0.0000E+00     0.0000E+00     0.0000E+00     0.0000E+00     0.0000E+00     0.0000E+00     0.0000E+00     0.0000E+00     0.0000E+00     0.0000E+00     0.0000E+00
  2.1422E-01     1.1139E+01     1.0000E+00     0.0000E+00     0.0000E+00     0.0000E+00     0.0000E+00     0.0000E+00     0.0000E+00     0.0000E+00     0.0000E+00     0.0000E+00     0.0000E+00     0.0000E+00     0.0000E+00     0.0000E+00     0.0000E+00     0.0000E+00     0.0000E+00     0.0000E+00     0.0000E+00     0.0000E+00     0.0000E+00     0.0000E+00     0.0000E+00     0.0000E+00     0.0000E+00     0.0000E+00     0.0000E+00     0.0000E+00     0.0000E+00     0.0000E+00
  2.3402E-01     1.0930E+01     1.0000E+00     0.0000E+00     0.0000E+00     0.0000E+00     0.0000E+00     0.0000E+00     0.0000E+00     0.0000E+00     0.0000E+00     0.0000E+00     0.0000E+00     0.0000E+00     0.0000E+00     0.0000E+00     0.0000E+00     0.0000E+00     0.0000E+00     0.0000E+00     0.0000E+00     0.0000E+00     0.0000E+00     0.0000E+00     0.0000E+00     0.0000E+00     0.0000E+00     0.0000E+00     0.0000E+00     0.0000E+00     0.0000E+00     0.0000E+00
  2.5414E-01     1.0724E+01     1.0000E+00     0.0000E+00     0.0000E+00     0.0000E+00     0.0000E+00     0.0000E+00     0.0000E+00     0.0000E+00     0.0000E+00     0.0000E+00     0.0000E+00     0.0000E+00     0.0000E+00     0.0000E+00     0.0000E+00     0.0000E+00     0.0000E+00     0.0000E+00     0.0000E+00     0.0000E+00     0.0000E+00     0.0000E+00     0.0000E+00     0.0000E+00     0.0000E+00     0.0000E+00     0.0000E+00     0.0000E+00     0.0000E+00     0.0000E+00
  2.7460E-01     1.0520E+01     1.0000E+00     0.0000E+00     0.0000E+00     0.0000E+00     0.0000E+00     0.0000E+00     0.0000E+00     0.0000E+00     0.0000E+00     0.0000E+00     0.0000E+00     0.0000E+00     0.0000E+00     0.0000E+00     0.0000E+00     0.0000E+00     0.0000E+00     0.0000E+00     0.0000E+00     0.0000E+00     0.0000E+00     0.0000E+00     0.0000E+00     0.0000E+00     0.0000E+00     0.0000E+00     0.0000E+00     0.0000E+00     0.0000E+00     0.0000E+00
  2.9538E-01     1.0318E+01     1.0000E+00     0.0000E+00     0.0000E+00     0.0000E+00     0.0000E+00     0.0000E+00     0.0000E+00     0.0000E+00     0.0000E+00     0.0000E+00     0.0000E+00     0.0000E+00     0.0000E+00     0.0000E+00     0.0000E+00     0.0000E+00     0.0000E+00     0.0000E+00     0.0000E+00     0.0000E+00     0.0000E+00     0.0000E+00     0.0000E+00     0.0000E+00     0.0000E+00     0.0000E+00     0.0000E+00     0.0000E+00     0.0000E+00     0.0000E+00
  3.1650E-01     1.0119E+01     1.0000E+00     0.0000E+00     0.0000E+00     0.0000E+00     0.0000E+00     0.0000E+00     0.0000E+00     0.0000E+00     0.0000E+00     0.0000E+00     0.0000E+00     0.0000E+00     0.0000E+00     0.0000E+00     0.0000E+00     0.0000E+00     0.0000E+00     0.0000E+00     0.0000E+00     0.0000E+00     0.0000E+00     0.0000E+00     0.0000E+00     0.0000E+00     0.0000E+00     0.0000E+00     0.0000E+00     0.0000E+00     0.0000E+00     0.0000E+00
  3.3797E-01     9.9222E+00     1.0000E+00     0.0000E+00     0.0000E+00     0.0000E+00     0.0000E+00     0.0000E+00     0.0000E+00     0.0000E+00     0.0000E+00     0.0000E+00     0.0000E+00     0.0000E+00     0.0000E+00     0.0000E+00     0.0000E+00     0.0000E+00     0.0000E+00     0.0000E+00     0.0000E+00     0.0000E+00     0.0000E+00     0.0000E+00     0.0000E+00     0.0000E+00     0.0000E+00     0.0000E+00     0.0000E+00     0.0000E+00     0.0000E+00     0.0000E+00
  3.5979E-01     9.7279E+00     1.0000E+00     0.0000E+00     0.0000E+00     0.0000E+00     0.0000E+00     0.0000E+00     0.0000E+00     0.0000E+00     0.0000E+00     0.0000E+00     0.0000E+00     0.0000E+00     0.0000E+00     0.0000E+00     0.0000E+00     0.0000E+00     0.0000E+00     0.0000E+00     0.0000E+00     0.0000E+00     0.0000E+00     0.0000E+00     0.0000E+00     0.0000E+00     0.0000E+00     0.0000E+00     0.0000E+00     0.0000E+00     0.0000E+00     0.0000E+00
  3.8196E-01     9.5361E+00     1.0000E+00     0.0000E+00     0.0000E+00     0.0000E+00     0.0000E+00     0.0000E+00     0.0000E+00     0.0000E+00     0.0000E+00     0.0000E+00     0.0000E+00     0.0000E+00     0.0000E+00     0.0000E+00     0.0000E+00     0.0000E+00     0.0000E+00     0.0000E+00     0.0000E+00     0.0000E+00     0.0000E+00     0.0000E+00     0.0000E+00     0.0000E+00     0.0000E+00     0.0000E+00     0.0000E+00     0.0000E+00     0.0000E+00     0.0000E+00
  4.0450E-01     9.3468E+00     1.0000E+00     0.0000E+00     0.0000E+00     0.0000E+00     0.0000E+00     0.0000E+00     0.0000E+00     0.0000E+00     0.0000E+00     0.0000E+00     0.0000E+00     0.0000E+00     0.0000E+00     0.0000E+00     0.0000E+00     0.0000E+00     0.0000E+00     0.0000E+00     0.0000E+00     0.0000E+00     0.0000E+00     0.0000E+00     0.0000E+00     0.0000E+00     0.0000E+00     0.0000E+00     0.0000E+00     0.0000E+00     0.0000E+00     0.0000E+00
  4.2740E-01     9.1601E+00     1.0000E+00     0.0000E+00     0.0000E+00     0.0000E+00     0.0000E+00     0.0000E+00     0.0000E+00     0.0000E+00     0.0000E+00     0.0000E+00     0.0000E+00     0.0000E+00     0.0000E+00     0.0000E+00     0.0000E+00     0.0000E+00     0.0000E+00     0.0000E+00     0.0000E+00     0.0000E+00     0.0000E+00     0.0000E+00     0.0000E+00     0.0000E+00     0.0000E+00     0.0000E+00     0.0000E+00     0.0000E+00     0.0000E+00     0.0000E+00
  4.5068E-01     8.9759E+00     1.0000E+00     0.0000E+00     0.0000E+00     0.0000E+00     0.0000E+00     0.0000E+00     0.0000E+00     0.0000E+00     0.0000E+00     0.0000E+00     0.0000E+00     0.0000E+00     0.0000E+00     0.0000E+00     0.0000E+00     0.0000E+00     0.0000E+00     0.0000E+00     0.0000E+00     0.0000E+00     0.0000E+00     0.0000E+00     0.0000E+00     0.0000E+00     0.0000E+00     0.0000E+00     0.0000E+00     0.0000E+00     0.0000E+00     0.0000E+00
  4.7433E-01     8.7943E+00     1.0000E+00     0.0000E+00     0.0000E+00     0.0000E+00     0.0000E+00     0.0000E+00     0.0000E+00     0.0000E+00     0.0000E+00     0.0000E+00     0.0000E+00     0.0000E+00     0.0000E+00     0.0000E+00     0.0000E+00     0.0000E+00     0.0000E+00     0.0000E+00     0.0000E+00     0.0000E+00     0.0000E+00     0.0000E+00     0.0000E+00     0.0000E+00     0.0000E+00     0.0000E+00     0.0000E+00     0.0000E+00     0.0000E+00     0.0000E+00
  4.9837E-01     8.6153E+00     1.0000E+00     0.0000E+00     0.0000E+00     0.0000E+00     0.0000E+00     0.0000E+00     0.0000E+00     0.0000E+00     0.0000E+00     0.0000E+00     0.0000E+00     0.0000E+00     0.0000E+00     0.0000E+00     0.0000E+00     0.0000E+00     0.0000E+00     0.0000E+00     0.0000E+00     0.0000E+00     0.0000E+00     0.0000E+00     0.0000E+00     0.0000E+00     0.0000E+00     0.0000E+00     0.0000E+00     0.0000E+00     0.0000E+00     0.0000E+00
  5.2281E-01     8.4389E+00     1.0000E+00     0.0000E+00     0.0000E+00     0.0000E+00     0.0000E+00     0.0000E+00     0.0000E+00     0.0000E+00     0.0000E+00     0.0000E+00     0.0000E+00     0.0000E+00     0.0000E+00     0.0000E+00     0.0000E+00     0.0000E+00     0.0000E+00     0.0000E+00     0.0000E+00     0.0000E+00     0.0000E+00     0.0000E+00     0.0000E+00     0.0000E+00     0.0000E+00     0.0000E+00     0.0000E+00     0.0000E+00     0.0000E+00     0.0000E+00
  5.4764E-01     8.2651E+00     1.0000E+00     0.0000E+00     0.0000E+00     0.0000E+00     0.0000E+00     0.0000E+00     0.0000E+00     0.0000E+00     0.0000E+00     0.0000E+00     0.0000E+00     0.0000E+00     0.0000E+00     0.0000E+00     0.0000E+00     0.0000E+00     0.0000E+00     0.0000E+00     0.0000E+00     0.0000E+00     0.0000E+00     0.0000E+00     0.0000E+00     0.0000E+00     0.0000E+00     0.0000E+00     0.0000E+00     0.0000E+00     0.0000E+00     0.0000E+00
  5.7288E-01     8.0939E+00     1.0000E+00     0.0000E+00     0.0000E+00     0.0000E+00     0.0000E+00     0.0000E+00     0.0000E+00     0.0000E+00     0.0000E+00     0.0000E+00     0.0000E+00     0.0000E+00     0.0000E+00     0.0000E+00     0.0000E+00     0.0000E+00     0.0000E+00     0.0000E+00     0.0000E+00     0.0000E+00     0.0000E+00     0.0000E+00     0.0000E+00     0.0000E+00     0.0000E+00     0.0000E+00     0.0000E+00     0.0000E+00     0.0000E+00     0.0000E+00
  5.9853E-01     7.9254E+00     1.0000E+00     0.0000E+00     0.0000E+00     0.0000E+00     0.0000E+00     0.0000E+00     0.0000E+00     0.0000E+00     0.0000E+00     0.0000E+00     0.0000E+00     0.0000E+00     0.0000E+00     0.0000E+00     0.0000E+00     0.0000E+00     0.0000E+00     0.0000E+00     0.0000E+00     0.0000E+00     0.0000E+00     0.0000E+00     0.0000E+00     0.0000E+00     0.0000E+00     0.0000E+00     0.0000E+00     0.0000E+00     0.0000E+00     0.0000E+00
  6.2459E-01     7.7595E+00     1.0000E+00     0.0000E+00     0.0000E+00     0.0000E+00     0.0000E+00     0.0000E+00     0.0000E+00     0.0000E+00     0.0000E+00     0.0000E+00     0.0000E+00     0.0000E+00     0.0000E+00     0.0000E+00     0.0000E+00     0.0000E+00     0.0000E+00     0.0000E+00     0.0000E+00     0.0000E+00     0.0000E+00     0.0000E+00     0.0000E+00     0.0000E+00     0.0000E+00     0.0000E+00     0.0000E+00     0.0000E+00     0.0000E+00     0.0000E+00
  6.5109E-01     7.5962E+00     1.0000E+00     0.0000E+00     0.0000E+00     0.0000E+00     0.0000E+00     0.0000E+00     0.0000E+00     0.0000E+00     0.0000E+00     0.0000E+00     0.0000E+00     0.0000E+00     0.0000E+00     0.0000E+00     0.0000E+00     0.0000E+00     0.0000E+00     0.0000E+00     0.0000E+00     0.0000E+00     0.0000E+00     0.0000E+00     0.0000E+00     0.0000E+00     0.0000E+00     0.0000E+00     0.0000E+00     0.0000E+00     0.0000E+00     0.0000E+00
  6.7801E-01     7.4356E+00     1.0000E+00     0.0000E+00     0.0000E+00     0.0000E+00     0.0000E+00     0.0000E+00     0.0000E+00     0.0000E+00     0.0000E+00     0.0000E+00     0.0000E+00     0.0000E+00     0.0000E+00     0.0000E+00     0.0000E+00     0.0000E+00     0.0000E+00     0.0000E+00     0.0000E+00     0.0000E+00     0.0000E+00     0.0000E+00     0.0000E+00     0.0000E+00     0.0000E+00     0.0000E+00     0.0000E+00     0.0000E+00     0.0000E+00     0.0000E+00
  7.0537E-01     7.2776E+00     1.0000E+00     0.0000E+00     0.0000E+00     0.0000E+00     0.0000E+00     0.0000E+00     0.0000E+00     0.0000E+00     0.0000E+00     0.0000E+00     0.0000E+00     0.0000E+00     0.0000E+00     0.0000E+00     0.0000E+00     0.0000E+00     0.0000E+00     0.0000E+00     0.0000E+00     0.0000E+00     0.0000E+00     0.0000E+00     0.0000E+00     0.0000E+00     0.0000E+00     0.0000E+00     0.0000E+00     0.0000E+00     0.0000E+00     0.0000E+00
  7.3318E-01     7.1222E+00     1.0000E+00     0.0000E+00     0.0000E+00     0.0000E+00     0.0000E+00     0.0000E+00     0.0000E+00     0.0000E+00     0.0000E+00     0.0000E+00     0.0000E+00     0.0000E+00     0.0000E+00     0.0000E+00     0.0000E+00     0.0000E+00     0.0000E+00     0.0000E+00     0.0000E+00     0.0000E+00     0.0000E+00     0.0000E+00     0.0000E+00     0.0000E+00     0.0000E+00     0.0000E+00     0.0000E+00     0.0000E+00     0.0000E+00     0.0000E+00
  7.6144E-01     6.9695E+00     1.0000E+00     0.0000E+00     0.0000E+00     0.0000E+00     0.0000E+00     0.0000E+00     0.0000E+00     0.0000E+00     0.0000E+00     0.0000E+00     0.0000E+00     0.0000E+00     0.0000E+00     0.0000E+00     0.0000E+00     0.0000E+00     0.0000E+00     0.0000E+00     0.0000E+00     0.0000E+00     0.0000E+00     0.0000E+00     0.0000E+00     0.0000E+00     0.0000E+00     0.0000E+00     0.0000E+00     0.0000E+00     0.0000E+00     0.0000E+00
  7.9017E-01     6.8193E+00     1.0000E+00     0.0000E+00     0.0000E+00     0.0000E+00     0.0000E+00     0.0000E+00     0.0000E+00     0.0000E+00     0.0000E+00     0.0000E+00     0.0000E+00     0.0000E+00     0.0000E+00     0.0000E+00     0.0000E+00     0.0000E+00     0.0000E+00     0.0000E+00     0.0000E+00     0.0000E+00     0.0000E+00     0.0000E+00     0.0000E+00     0.0000E+00     0.0000E+00     0.0000E+00     0.0000E+00     0.0000E+00     0.0000E+00     0.0000E+00
  8.1936E-01     6.6718E+00     1.0000E+00     0.0000E+00     0.0000E+00     0.0000E+00     0.0000E+00     0.0000E+00     0.0000E+00     0.0000E+00     0.0000E+00     0.0000E+00     0.0000E+00     0.0000E+00     0.0000E+00     0.0000E+00     0.0000E+00     0.0000E+00     0.0000E+00     0.0000E+00     0.0000E+00     0.0000E+00     0.0000E+00     0.0000E+00     0.0000E+00     0.0000E+00     0.0000E+00     0.0000E+00     0.0000E+00     0.0000E+00     0.0000E+00     0.0000E+00
  8.4903E-01     6.5269E+00     1.0000E+00     0.0000E+00     0.0000E+00     0.0000E+00     0.0000E+00     0.0000E+00     0.0000E+00     0.0000E+00     0.0000E+00     0.0000E+00     0.0000E+00     0.0000E+00     0.0000E+00     0.0000E+00     0.0000E+00     0.0000E+00     0.0000E+00     0.0000E+00     0.0000E+00     0.0000E+00     0.0000E+00     0.0000E+00     0.0000E+00     0.0000E+00     0.0000E+00     0.0000E+00     0.0000E+00     0.0000E+00     0.0000E+00     0.0000E+00
  8.7918E-01     6.3846E+00     1.0000E+00     0.0000E+00     0.0000E+00     0.0000E+00     0.0000E+00     0.0000E+00     0.0000E+00     0.0000E+00     0.0000E+00     0.0000E+00     0.0000E+00     0.0000E+00     0.0000E+00     0.0000E+00     0.0000E+00     0.0000E+00     0.0000E+00     0.0000E+00     0.0000E+00     0.0000E+00     0.0000E+00     0.0000E+00     0.0000E+00     0.0000E+00     0.0000E+00     0.0000E+00     0.0000E+00     0.0000E+00     0.0000E+00     0.0000E+00
  9.0982E-01     6.2448E+00     1.0000E+00     0.0000E+00     0.0000E+00     0.0000E+00     0.0000E+00     0.0000E+00     0.0000E+00     0.0000E+00     0.0000E+00     0.0000E+00     0.0000E+00     0.0000E+00     0.0000E+00     0.0000E+00     0.0000E+00     0.0000E+00     0.0000E+00     0.0000E+00     0.0000E+00     0.0000E+00     0.0000E+00     0.0000E+00     0.0000E+00     0.0000E+00     0.0000E+00     0.0000E+00     0.0000E+00     0.0000E+00     0.0000E+00     0.0000E+00
  9.4096E-01     6.1076E+00     1.0000E+00     0.0000E+00     0.0000E+00     0.0000E+00     0.0000E+00     0.0000E+00     0.0000E+00     0.0000E+00     0.0000E+00     0.0000E+00     0.0000E+00     0.0000E+00     0.0000E+00     0.0000E+00     0.0000E+00     0.0000E+00     0.0000E+00     0.0000E+00     0.0000E+00     0.0000E+00     0.0000E+00     0.0000E+00     0.0000E+00     0.0000E+00     0.0000E+00     0.0000E+00     0.0000E+00     0.0000E+00     0.0000E+00     0.0000E+00
  9.7262E-01     5.9729E+00     1.0000E+00     0.0000E+00     0.0000E+00     0.0000E+00     0.0000E+00     0.0000E+00     0.0000E+00     0.0000E+00     0.0000E+00     0.0000E+00     0.0000E+00     0.0000E+00     0.0000E+00     0.0000E+00     0.0000E+00     0.0000E+00     0.0000E+00     0.0000E+00     0.0000E+00     0.0000E+00     0.0000E+00     0.0000E+00     0.0000E+00     0.0000E+00     0.0000E+00     0.0000E+00     0.0000E+00     0.0000E+00     0.0000E+00     0.0000E+00
  1.0048E+00     5.8408E+00     1.0000E+00     0.0000E+00     0.0000E+00     0.0000E+00     0.0000E+00     0.0000E+00     0.0000E+00     0.0000E+00     0.0000E+00     0.0000E+00     0.0000E+00     0.0000E+00     0.0000E+00     0.0000E+00     0.0000E+00     0.0000E+00     0.0000E+00     0.0000E+00     0.0000E+00     0.0000E+00     0.0000E+00     0.0000E+00     0.0000E+00     0.0000E+00     0.0000E+00     0.0000E+00     0.0000E+00     0.0000E+00     0.0000E+00     0.0000E+00
  1.0375E+00     5.7111E+00     1.0000E+00     0.0000E+00     0.0000E+00     0.0000E+00     0.0000E+00     0.0000E+00     0.0000E+00     0.0000E+00     0.0000E+00     0.0000E+00     0.0000E+00     0.0000E+00     0.0000E+00     0.0000E+00     0.0000E+00     0.0000E+00     0.0000E+00     0.0000E+00     0.0000E+00     0.0000E+00     0.0000E+00     0.0000E+00     0.0000E+00     0.0000E+00     0.0000E+00     0.0000E+00     0.0000E+00     0.0000E+00     0.0000E+00     0.0000E+00
  1.0707E+00     5.5839E+00     1.0000E+00     0.0000E+00     0.0000E+00     0.0000E+00     0.0000E+00     0.0000E+00     0.0000E+00     0.0000E+00     0.0000E+00     0.0000E+00     0.0000E+00     0.0000E+00     0.0000E+00     0.0000E+00     0.0000E+00     0.0000E+00     0.0000E+00     0.0000E+00     0.0000E+00     0.0000E+00     0.0000E+00     0.0000E+00     0.0000E+00     0.0000E+00     0.0000E+00     0.0000E+00     0.0000E+00     0.0000E+00     0.0000E+00     0.0000E+00
  1.1045E+00     5.4592E+00     1.0000E+00     0.0000E+00     0.0000E+00     0.0000E+00     0.0000E+00     0.0000E+00     0.0000E+00     0.0000E+00     0.0000E+00     0.0000E+00     0.0000E+00     0.0000E+00     0.0000E+00     0.0000E+00     0.0000E+00     0.0000E+00     0.0000E+00     0.0000E+00     0.0000E+00     0.0000E+00     0.0000E+00     0.0000E+00     0.0000E+00     0.0000E+00     0.0000E+00     0.0000E+00     0.0000E+00     0.0000E+00     0.0000E+00     0.0000E+00
  1.1388E+00     5.3369E+00     1.0000E+00     0.0000E+00     0.0000E+00     0.0000E+00     0.0000E+00     0.0000E+00     0.0000E+00     0.0000E+00     0.0000E+00     0.0000E+00     0.0000E+00     0.0000E+00     0.0000E+00     0.0000E+00     0.0000E+00     0.0000E+00     0.0000E+00     0.0000E+00     0.0000E+00     0.0000E+00     0.0000E+00     0.0000E+00     0.0000E+00     0.0000E+00     0.0000E+00     0.0000E+00     0.0000E+00     0.0000E+00     0.0000E+00     0.0000E+00
  1.1737E+00     5.2169E+00     1.0000E+00     0.0000E+00     0.0000E+00     0.0000E+00     0.0000E+00     0.0000E+00     0.0000E+00     0.0000E+00     0.0000E+00     0.0000E+00     0.0000E+00     0.0000E+00     0.0000E+00     0.0000E+00     0.0000E+00     0.0000E+00     0.0000E+00     0.0000E+00     0.0000E+00     0.0000E+00     0.0000E+00     0.0000E+00     0.0000E+00     0.0000E+00     0.0000E+00     0.0000E+00     0.0000E+00     0.0000E+00     0.0000E+00     0.0000E+00
  1.2091E+00     5.0994E+00     1.0000E+00     0.0000E+00     0.0000E+00     0.0000E+00     0.0000E+00     0.0000E+00     0.0000E+00     0.0000E+00     0.0000E+00     0.0000E+00     0.0000E+00     0.0000E+00     0.0000E+00     0.0000E+00     0.0000E+00     0.0000E+00     0.0000E+00     0.0000E+00     0.0000E+00     0.0000E+00     0.0000E+00     0.0000E+00     0.0000E+00     0.0000E+00     0.0000E+00     0.0000E+00     0.0000E+00     0.0000E+00     0.0000E+00     0.0000E+00
  1.2451E+00     4.9842E+00     1.0000E+00     0.0000E+00     0.0000E+00     0.0000E+00     0.0000E+00     0.0000E+00     0.0000E+00     0.0000E+00     0.0000E+00     0.0000E+00     0.0000E+00     0.0000E+00     0.0000E+00     0.0000E+00     0.0000E+00     0.0000E+00     0.0000E+00     0.0000E+00     0.0000E+00     0.0000E+00     0.0000E+00     0.0000E+00     0.0000E+00     0.0000E+00     0.0000E+00     0.0000E+00     0.0000E+00     0.0000E+00     0.0000E+00     0.0000E+00
  1.2817E+00     4.8713E+00     1.0000E+00     0.0000E+00     0.0000E+00     0.0000E+00     0.0000E+00     0.0000E+00     0.0000E+00     0.0000E+00     0.0000E+00     0.0000E+00     0.0000E+00     0.0000E+00     0.0000E+00     0.0000E+00     0.0000E+00     0.0000E+00     0.0000E+00     0.0000E+00     0.0000E+00     0.0000E+00     0.0000E+00     0.0000E+00     0.0000E+00     0.0000E+00     0.0000E+00     0.0000E+00     0.0000E+00     0.0000E+00     0.0000E+00     0.0000E+00
  1.3190E+00     4.7606E+00     1.0000E+00     0.0000E+00     0.0000E+00     0.0000E+00     0.0000E+00     0.0000E+00     0.0000E+00     0.0000E+00     0.0000E+00     0.0000E+00     0.0000E+00     0.0000E+00     0.0000E+00     0.0000E+00     0.0000E+00     0.0000E+00     0.0000E+00     0.0000E+00     0.0000E+00     0.0000E+00     0.0000E+00     0.0000E+00     0.0000E+00     0.0000E+00     0.0000E+00     0.0000E+00     0.0000E+00     0.0000E+00     0.0000E+00     0.0000E+00
  1.3568E+00     4.6523E+00     1.0000E+00     0.0000E+00     0.0000E+00     0.0000E+00     0.0000E+00     0.0000E+00     0.0000E+00     0.0000E+00     0.0000E+00     0.0000E+00     0.0000E+00     0.0000E+00     0.0000E+00     0.0000E+00     0.0000E+00     0.0000E+00     0.0000E+00     0.0000E+00     0.0000E+00     0.0000E+00     0.0000E+00     0.0000E+00     0.0000E+00     0.0000E+00     0.0000E+00     0.0000E+00     0.0000E+00     0.0000E+00     0.0000E+00     0.0000E+00
  1.3952E+00     4.5462E+00     1.0000E+00     0.0000E+00     0.0000E+00     0.0000E+00     0.0000E+00     0.0000E+00     0.0000E+00     0.0000E+00     0.0000E+00     0.0000E+00     0.0000E+00     0.0000E+00     0.0000E+00     0.0000E+00     0.0000E+00     0.0000E+00     0.0000E+00     0.0000E+00     0.0000E+00     0.0000E+00     0.0000E+00     0.0000E+00     0.0000E+00     0.0000E+00     0.0000E+00     0.0000E+00     0.0000E+00     0.0000E+00     0.0000E+00     0.0000E+00
  1.4342E+00     4.4423E+00     1.0000E+00     0.0000E+00     0.0000E+00     0.0000E+00     0.0000E+00     0.0000E+00     0.0000E+00     0.0000E+00     0.0000E+00     0.0000E+00     0.0000E+00     0.0000E+00     0.0000E+00     0.0000E+00     0.0000E+00     0.0000E+00     0.0000E+00     0.0000E+00     0.0000E+00     0.0000E+00     0.0000E+00     0.0000E+00     0.0000E+00     0.0000E+00     0.0000E+00     0.0000E+00     0.0000E+00     0.0000E+00     0.0000E+00     0.0000E+00
  1.4739E+00     4.3405E+00     1.0000E+00     0.0000E+00     0.0000E+00     0.0000E+00     0.0000E+00     0.0000E+00     0.0000E+00     0.0000E+00     0.0000E+00     0.0000E+00     0.0000E+00     0.0000E+00     0.0000E+00     0.0000E+00     0.0000E+00     0.0000E+00     0.0000E+00     0.0000E+00     0.0000E+00     0.0000E+00     0.0000E+00     0.0000E+00     0.0000E+00     0.0000E+00     0.0000E+00     0.0000E+00     0.0000E+00     0.0000E+00     0.0000E+00     0.0000E+00
  1.5143E+00     4.2409E+00     1.0000E+00     0.0000E+00     0.0000E+00     0.0000E+00     0.0000E+00     0.0000E+00     0.0000E+00     0.0000E+00     0.0000E+00     0.0000E+00     0.0000E+00     0.0000E+00     0.0000E+00     0.0000E+00     0.0000E+00     0.0000E+00     0.0000E+00     0.0000E+00     0.0000E+00     0.0000E+00     0.0000E+00     0.0000E+00     0.0000E+00     0.0000E+00     0.0000E+00     0.0000E+00     0.0000E+00     0.0000E+00     0.0000E+00     0.0000E+00
  1.5553E+00     4.1433E+00     1.0000E+00     0.0000E+00     0.0000E+00     0.0000E+00     0.0000E+00     0.0000E+00     0.0000E+00     0.0000E+00     0.0000E+00     0.0000E+00     0.0000E+00     0.0000E+00     0.0000E+00     0.0000E+00     0.0000E+00     0.0000E+00     0.0000E+00     0.0000E+00     0.0000E+00     0.0000E+00     0.0000E+00     0.0000E+00     0.0000E+00     0.0000E+00     0.0000E+00     0.0000E+00     0.0000E+00     0.0000E+00     0.0000E+00     0.0000E+00
  1.5970E+00     4.0479E+00     1.0000E+00     0.0000E+00     0.0000E+00     0.0000E+00     0.0000E+00     0.0000E+00     0.0000E+00     0.0000E+00     0.0000E+00     0.0000E+00     0.0000E+00     0.0000E+00     0.0000E+00     0.0000E+00     0.0000E+00     0.0000E+00     0.0000E+00     0.0000E+00     0.0000E+00     0.0000E+00     0.0000E+00     0.0000E+00     0.0000E+00     0.0000E+00     0.0000E+00     0.0000E+00     0.0000E+00     0.0000E+00     0.0000E+00     0.0000E+00
  1.6393E+00     3.9545E+00     1.0000E+00     0.0000E+00     0.0000E+00     0.0000E+00     0.0000E+00     0.0000E+00     0.0000E+00     0.0000E+00     0.0000E+00     0.0000E+00     0.0000E+00     0.0000E+00     0.0000E+00     0.0000E+00     0.0000E+00     0.0000E+00     0.0000E+00     0.0000E+00     0.0000E+00     0.0000E+00     0.0000E+00     0.0000E+00     0.0000E+00     0.0000E+00     0.0000E+00     0.0000E+00     0.0000E+00     0.0000E+00     0.0000E+00     0.0000E+00
  1.6823E+00     3.8630E+00     1.0000E+00     0.0000E+00     0.0000E+00     0.0000E+00     0.0000E+00     0.0000E+00     0.0000E+00     0.0000E+00     0.0000E+00     0.0000E+00     0.0000E+00     0.0000E+00     0.0000E+00     0.0000E+00     0.0000E+00     0.0000E+00     0.0000E+00     0.0000E+00     0.0000E+00     0.0000E+00     0.0000E+00     0.0000E+00     0.0000E+00     0.0000E+00     0.0000E+00     0.0000E+00     0.0000E+00     0.0000E+00     0.0000E+00     0.0000E+00
  1.7261E+00     3.7736E+00     1.0000E+00     0.0000E+00     0.0000E+00     0.0000E+00     0.0000E+00     0.0000E+00     0.0000E+00     0.0000E+00     0.0000E+00     0.0000E+00     0.0000E+00     0.0000E+00     0.0000E+00     0.0000E+00     0.0000E+00     0.0000E+00     0.0000E+00     0.0000E+00     0.0000E+00     0.0000E+00     0.0000E+00     0.0000E+00     0.0000E+00     0.0000E+00     0.0000E+00     0.0000E+00     0.0000E+00     0.0000E+00     0.0000E+00     0.0000E+00
  1.7705E+00     3.6861E+00     1.0000E+00     0.0000E+00     0.0000E+00     0.0000E+00     0.0000E+00     0.0000E+00     0.0000E+00     0.0000E+00     0.0000E+00     0.0000E+00     0.0000E+00     0.0000E+00     0.0000E+00     0.0000E+00     0.0000E+00     0.0000E+00     0.0000E+00     0.0000E+00     0.0000E+00     0.0000E+00     0.0000E+00     0.0000E+00     0.0000E+00     0.0000E+00     0.0000E+00     0.0000E+00     0.0000E+00     0.0000E+00     0.0000E+00     0.0000E+00
  1.8157E+00     3.6004E+00     1.0000E+00     0.0000E+00     0.0000E+00     0.0000E+00     0.0000E+00     0.0000E+00     0.0000E+00     0.0000E+00     0.0000E+00     0.0000E+00     0.0000E+00     0.0000E+00     0.0000E+00     0.0000E+00     0.0000E+00     0.0000E+00     0.0000E+00     0.0000E+00     0.0000E+00     0.0000E+00     0.0000E+00     0.0000E+00     0.0000E+00     0.0000E+00     0.0000E+00     0.0000E+00     0.0000E+00     0.0000E+00     0.0000E+00     0.0000E+00
  1.8616E+00     3.5167E+00     1.0000E+00     0.0000E+00     0.0000E+00     0.0000E+00     0.0000E+00     0.0000E+00     0.0000E+00     0.0000E+00     0.0000E+00     0.0000E+00     0.0000E+00     0.0000E+00     0.0000E+00     0.0000E+00     0.0000E+00     0.0000E+00     0.0000E+00     0.0000E+00     0.0000E+00     0.0000E+00     0.0000E+00     0.0000E+00     0.0000E+00     0.0000E+00     0.0000E+00     0.0000E+00     0.0000E+00     0.0000E+00     0.0000E+00     0.0000E+00
  1.9083E+00     3.4348E+00     1.0000E+00     0.0000E+00     0.0000E+00     0.0000E+00     0.0000E+00     0.0000E+00     0.0000E+00     0.0000E+00     0.0000E+00     0.0000E+00     0.0000E+00     0.0000E+00     0.0000E+00     0.0000E+00     0.0000E+00     0.0000E+00     0.0000E+00     0.0000E+00     0.0000E+00     0.0000E+00     0.0000E+00     0.0000E+00     0.0000E+00     0.0000E+00     0.0000E+00     0.0000E+00     0.0000E+00     0.0000E+00     0.0000E+00     0.0000E+00
  1.9557E+00     3.3547E+00     1.0000E+00     0.0000E+00     0.0000E+00     0.0000E+00     0.0000E+00     0.0000E+00     0.0000E+00     0.0000E+00     0.0000E+00     0.0000E+00     0.0000E+00     0.0000E+00     0.0000E+00     0.0000E+00     0.0000E+00     0.0000E+00     0.0000E+00     0.0000E+00     0.0000E+00     0.0000E+00     0.0000E+00     0.0000E+00     0.0000E+00     0.0000E+00     0.0000E+00     0.0000E+00     0.0000E+00     0.0000E+00     0.0000E+00     0.0000E+00
  2.0039E+00     3.2763E+00     2.3776E-01     7.4045E-01     1.3033E-02     8.7631E-03     0.0000E+00     1.6705E-06     2.2731E-05     1.7725E-06     1.9311E-04     1.3616E-04     1.4159E-04     0.0000E+00     5.2793E-02     1.2406E-04     4.5412E-02     2.1862E-04     1.0393E-01     7.1776E-02     6.8317E-03     2.5324E-02     2.6080E-04     1.0448E-02     1.6158E-02     0.0000E+00     1.5234E-02     1.1303E-02     3.9862E-02     1.9732E-02     7.8525E-03     1.8016E-03
  2.0529E+00     3.1998E+00     2.3776E-01     7.4100E-01     1.2799E-02     8.4469E-03     0.0000E+00     1.5995E-06     2.2194E-05     1.6685E-06     1.8602E-04     1.3108E-04     1.3677E-04     0.0000E+00     5.2258E-02     1.2392E-04     4.4729E-02     2.0681E-04     9.6474E-02     7.1022E-02     6.0867E-03     1.9365E-02     2.5104E-04     1.0242E-02     1.6192E-02     0.0000E+00     1.4753E-02     1.1100E-02     3.0209E-02     2.3292E-02     7.7698E-03     1.7107E-03
  2.1027E+00     3.1249E+00     2.3776E-01     7.4158E-01     1.2505E-02     8.1599E-03     0.0000E+00     1.4304E-06     2.1935E-05     1.5694E-06     1.7954E-04     1.2637E-04     1.3254E-04     0.0000E+00     5.0567E-02     1.2091E-04     4.1830E-02     1.8615E-04     9.4735E-02     6.9816E-02     2.5061E-03     2.2414E-02     2.4211E-04     1.0106E-02     1.6243E-02     0.0000E+00     1.5316E-02     1.0872E-02     3.4967E-02     2.6961E-02     7.6397E-03     1.6232E-03
  2.1533E+00     3.0516E+00     2.3776E-01     7.4218E-01     1.2176E-02     7.8845E-03     0.0000E+00     1.4100E-06     2.1598E-05     1.4741E-06     1.7386E-04     1.2147E-04     1.2832E-04     0.0000E+00     5.1079E-02     1.2108E-04     4.2109E-02     1.8246E-04     9.6502E-02     6.8241E-02     2.2236E-03     2.6037E-02     2.3426E-04     9.9757E-03     1.6275E-02     0.0000E+00     1.7220E-02     1.0622E-02     4.2082E-02     3.2389E-02     7.4866E-03     1.5330E-03
  2.2047E+00     2.9801E+00     2.3776E-01     7.4279E-01     1.1842E-02     7.6101E-03     0.0000E+00     1.3690E-06     2.1307E-05     1.3877E-06     1.6717E-04     1.1814E-04     1.2360E-04     0.0000E+00     4.9541E-02     1.1922E-04     3.9546E-02     1.7175E-04     1.1903E-01     6.6016E-02     7.4425E-03     4.5569E-02     2.2506E-04     9.9765E-03     1.6241E-02     0.0000E+00     2.1258E-02     1.0451E-02     4.5883E-02     3.2891E-02     7.3214E-03     1.4505E-03
  2.2570E+00     2.9101E+00     2.3776E-01     7.4340E-01     1.1569E-02     7.2793E-03     0.0000E+00     1.3415E-06     2.0954E-05     1.3000E-06     1.5927E-04     1.1530E-04     1.1657E-04     0.0000E+00     4.8990E-02     1.1172E-04     4.1751E-02     2.4170E-04     1.2997E-01     6.5528E-02     1.2439E-02     5.2001E-02     2.1425E-04     9.9663E-03     1.6013E-02     0.0000E+00     1.8223E-02     1.0301E-02     3.0258E-02     2.5327E-02     7.1956E-03     1.3738E-03
  2.3101E+00     2.8417E+00     2.3776E-01     7.4386E-01     1.1460E-02     6.9263E-03     0.0000E+00     1.1063E-06     2.0099E-05     1.2147E-06     1.5035E-04     1.1169E-04     1.1013E-04     0.0000E+00     4.7897E-02     1.0769E-04     4.0421E-02     2.0031E-04     1.1483E-01     6.5236E-02     6.7483E-03     4.2850E-02     2.0212E-04     9.7455E-03     1.5901E-02     0.0000E+00     1.6617E-02     1.0138E-02     3.8289E-02     2.3067E-02     7.1812E-03     1.3078E-03
  2.3640E+00     2.7749E+00     2.3776E-01     7.4435E-01     1.1272E-02     6.6214E-03     0.0000E+00     1.0298E-06     1.9522E-05     1.1311E-06     1.4325E-04     1.0747E-04     1.0507E-04     0.0000E+00     4.7541E-02     1.0942E-04     3.9024E-02     1.9119E-04     1.1297E-01     6.4153E-02     5.8084E-03     4.3007E-02     1.9244E-04     9.5344E-03     1.5868E-02     0.0000E+00     1.6400E-02     9.8762E-03     3.7360E-02     2.3300E-02     7.1045E-03     1.2452E-03
  2.4189E+00     2.7095E+00     2.3776E-01     7.4487E-01     1.1043E-02     6.3283E-03     0.0000E+00     9.6774E-07     1.8929E-05     1.0533E-06     1.3663E-04     1.0315E-04     1.0026E-04     0.0000E+00     4.6176E-02     1.0840E-04     3.7974E-02     1.9453E-04     1.0705E-01     6.3186E-02     5.0050E-03     3.8856E-02     1.8342E-04     9.3408E-03     1.5843E-02     0.0000E+00     1.6160E-02     9.6368E-03     2.7624E-02     2.5292E-02     6.9959E-03     1.1840E-03
  2.4746E+00     2.6457E+00     2.3776E-01     7.4541E-01     1.0780E-02     6.0569E-03     0.0000E+00     8.8884E-07     1.8328E-05     9.8153E-07     1.3078E-04     9.8803E-05     9.5873E-05     0.0000E+00     4.6574E-02     1.1459E-04     3.5488E-02     1.6212E-04     1.0014E-01     6.1630E-02     3.4143E-03     3.5096E-02     1.7544E-04     9.1656E-03     1.5829E-02     0.0000E+00     1.7575E-02     9.4449E-03     3.7864E-02     2.9878E-02     6.8593E-03     1.1257E-03
  2.5313E+00     2.5833E+00     2.3776E-01     7.4606E-01     1.0377E-02     5.8088E-03     0.0000E+00     8.4061E-07     1.7954E-05     9.1358E-07     1.2592E-04     9.4689E-05     9.1512E-05     0.0000E+00     4.6219E-02     1.1070E-04     3.6610E-02     1.8908E-04     1.2085E-01     5.9822E-02     7.3853E-03     5.3642E-02     1.6878E-04     9.1245E-03     1.5754E-02     0.0000E+00     1.8051E-02     9.2374E-03     3.0177E-02     2.6212E-02     6.6201E-03     1.0668E-03
  2.5889E+00     2.5224E+00     2.3776E-01     7.4658E-01     1.0145E-02     5.5161E-03     0.0000E+00     7.8047E-07     1.7422E-05     8.4665E-07     1.1952E-04     9.0640E-05     8.6229E-05     0.0000E+00     4.4712E-02     1.0625E-04     3.5070E-02     1.7889E-04     1.1036E-01     5.8480E-02     5.0930E-03     4.6788E-02     1.6009E-04     8.9342E-03     1.5632E-02     0.0000E+00     1.6720E-02     9.0456E-03     4.5438E-02     2.3185E-02     6.5032E-03     1.0118E-03
  2.6474E+00     2.4628E+00     2.3776E-01     7.4715E-01     9.8420E-03     5.2550E-03     0.0000E+00     7.1403E-07     1.6758E-05     7.8142E-07     1.1456E-04     8.5939E-05     8.1864E-05     0.0000E+00     4.4507E-02     1.0735E-04     3.4305E-02     1.7266E-04     1.0559E-01     5.7189E-02     3.3876E-03     4.5018E-02     1.5333E-04     8.7318E-03     1.5578E-02     0.0000E+00     1.6029E-02     8.8689E-03     5.9831E-02     2.1828E-02     6.3364E-03     9.5396E-04
  2.7069E+00     2.4046E+00     2.3776E-01     7.4770E-01     9.5317E-03     5.0109E-03     0.0000E+00     6.5227E-07     1.6249E-05     7.1805E-07     1.0965E-04     8.1643E-05     7.7951E-05     0.0000E+00     4.4742E-02     1.0247E-04     3.3242E-02     1.6398E-04     1.0598E-01     5.4742E-02     5.1549E-03     4.6081E-02     1.4666E-04     8.5654E-03     1.5556E-02     0.0000E+00     1.7465E-02     8.6711E-03     5.0628E-02     2.4202E-02     6.1592E-03     9.0129E-04
  2.7673E+00     2.3477E+00     2.3776E-01     7.4832E-01     9.1572E-03     4.7716E-03     0.0000E+00     6.3247E-07     1.5762E-05     6.5660E-07     1.0436E-04     7.8260E-05     7.3771E-05     0.0000E+00     4.2406E-02     9.7144E-05     3.3593E-02     1.8802E-04     1.1519E-01     5.3648E-02     7.3579E-03     5.4184E-02     1.3946E-04     8.5462E-03     1.5461E-02     0.0000E+00     1.6869E-02     8.4766E-03     3.3341E-02     2.2941E-02     5.9410E-03     8.4213E-04
  2.8288E+00     2.2922E+00     2.3776E-01     7.4881E-01     8.9212E-03     4.5174E-03     0.0000E+00     5.2842E-07     1.5156E-05     5.9844E-07     9.8671E-05     7.4577E-05     6.9484E-05     0.0000E+00     4.2680E-02     1.0303E-04     3.1414E-02     1.6263E-04     1.1403E-01     5.2291E-02     4.8962E-03     5.6843E-02     1.3177E-04     8.3595E-03     1.5381E-02     0.0000E+00     1.6536E-02     8.2711E-03     2.0253E-02     2.3818E-02     5.8202E-03     7.8806E-04
  2.8912E+00     2.2379E+00     2.3776E-01     7.4936E-01     8.6107E-03     4.2716E-03     0.0000E+00     4.5307E-07     1.4544E-05     5.4416E-07     9.3895E-05     7.0208E-05     6.5419E-05     0.0000E+00     4.2459E-02     1.0460E-04     3.0618E-02     1.5735E-04     1.0588E-01     5.0197E-02     2.1283E-03     5.3558E-02     1.2530E-04     8.1536E-03     1.5315E-02     0.0000E+00     1.5542E-02     8.0863E-03     1.5413E-02     2.2536E-02     5.6432E-03     7.3510E-04
  2.9547E+00     2.1849E+00     2.3776E-01     7.4996E-01     8.2380E-03     4.0486E-03     0.0000E+00     4.0248E-07     1.4062E-05     4.9461E-07     8.9919E-05     6.5670E-05     6.1954E-05     0.0000E+00     4.1964E-02     1.0637E-04     3.0604E-02     1.6331E-04     1.0914E-01     4.8034E-02     1.5218E-03     5.9586E-02     1.1990E-04     7.9716E-03     1.5302E-02     0.0000E+00     1.4969E-02     7.8217E-03     4.4494E-02     1.9977E-02     5.4143E-03     6.8792E-04
  3.0192E+00     2.1331E+00     2.3776E-01     7.5051E-01     7.9140E-03     3.8241E-03     0.0000E+00     3.9904E-07     1.3437E-05     4.4726E-07     8.5478E-05     6.1409E-05     5.8593E-05     0.0000E+00     4.0450E-02     1.0076E-04     2.9053E-02     1.6147E-04     1.0415E-01     4.5945E-02     3.5619E-03     5.4640E-02     1.1389E-04     7.7595E-03     1.5322E-02     0.0000E+00     1.5963E-02     7.6026E-03     3.5414E-02     2.1724E-02     5.2210E-03     6.4120E-04
  3.0847E+00     2.0825E+00     2.3776E-01     7.5106E-01     7.5735E-03     3.6149E-03     0.0000E+00     3.7936E-07     1.2838E-05     4.0301E-07     8.1118E-05     5.7865E-05     5.5253E-05     0.0000E+00     4.0260E-02     9.9606E-05     2.8955E-02     1.6379E-04     1.1392E-01     4.4491E-02     6.4934E-03     6.2936E-02     1.0801E-04     7.6404E-03     1.5285E-02     0.0000E+00     1.6650E-02     7.3209E-03     2.1536E-02     2.2740E-02     5.0142E-03     5.9577E-04
  3.1513E+00     2.0331E+00     2.3776E-01     7.5158E-01     7.2721E-03     3.3913E-03     0.0000E+00     2.8704E-07     1.2337E-05     3.6136E-07     7.6515E-05     5.4178E-05     5.1531E-05     0.0000E+00     3.7773E-02     9.1858E-05     2.8222E-02     1.7388E-04     1.1703E-01     4.2956E-02     2.2139E-03     7.1864E-02     1.0181E-04     7.4501E-03     1.5195E-02     0.0000E+00     1.5155E-02     7.0758E-03     2.4593E-02     1.9694E-02     4.8330E-03     5.5373E-04
  3.2190E+00     1.9848E+00     2.3776E-01     7.5200E-01     7.0798E-03     3.1669E-03     0.0000E+00     2.7422E-07     1.1595E-05     3.1988E-07     7.1147E-05     5.0890E-05     4.8130E-05     0.0000E+00     3.8134E-02     8.8933E-05     2.7839E-02     1.5676E-04     1.0809E-01     4.1762E-02     5.2998E-03     6.1024E-02     9.4611E-05     7.1880E-03     1.5198E-02     0.0000E+00     1.6357E-02     6.7723E-03     1.9632E-02     2.2631E-02     4.7271E-03     5.1723E-04
  3.2878E+00     1.9377E+00     2.3776E-01     7.5245E-01     6.8311E-03     2.9646E-03     0.0000E+00     2.3576E-07     1.1037E-05     2.8386E-07     6.6358E-05     4.8116E-05     4.4820E-05     0.0000E+00     3.7940E-02     9.2278E-05     2.7263E-02     1.7376E-04     1.1032E-01     4.0162E-02     3.0283E-03     6.7132E-02     8.8189E-05     7.0436E-03     1.5119E-02     0.0000E+00     1.6153E-02     6.5500E-03     1.5575E-02     2.1924E-02     4.5773E-03     4.8282E-04
  3.3577E+00     1.8917E+00     2.3776E-01     7.5295E-01     6.5315E-03     2.7628E-03     0.0000E+00     2.0346E-07     1.0405E-05     2.5101E-07     6.2423E-05     4.4470E-05     4.1561E-05     0.0000E+00     3.7632E-02     8.5209E-05     2.5216E-02     1.4418E-04     1.0417E-01     3.8433E-02     2.5553E-04     6.5482E-02     8.2904E-05     6.8085E-03     1.5043E-02     0.0000E+00     1.5388E-02     6.3372E-03     5.0974E-02     2.0561E-02     4.3920E-03     4.4610E-04
  3.4288E+00     1.8467E+00     2.3776E-01     7.5348E-01     6.1901E-03     2.5768E-03     0.0000E+00     1.8681E-07     9.8060E-06     2.2178E-07     5.9133E-05     4.0626E-05     3.8699E-05     0.0000E+00     3.6695E-02     8.0200E-05     2.4752E-02     1.4107E-04     1.0306E-01     3.6869E-02     1.1861E-03     6.5005E-02     7.8480E-05     6.5630E-03     1.5018E-02     0.0000E+00     1.4604E-02     6.1054E-03     2.8315E-02     1.9174E-02     4.1774E-03     4.0783E-04
  3.5010E+00     1.8028E+00     2.3776E-01     7.5395E-01     5.8971E-03     2.3970E-03     0.0000E+00     1.8681E-07     9.2563E-06     1.9631E-07     5.5124E-05     3.7601E-05     3.6074E-05     0.0000E+00     3.5808E-02     7.6595E-05     2.5023E-02     1.4716E-04     1.0072E-01     3.4649E-02     7.1684E-04     6.5357E-02     7.3114E-05     6.3762E-03     1.5049E-02     0.0000E+00     1.3685E-02     5.9031E-03     1.5065E-02     1.7795E-02     3.9894E-03     3.7881E-04
  3.5744E+00     1.7599E+00     2.3776E-01     7.5439E-01     5.6285E-03     2.2255E-03     0.0000E+00     1.7086E-07     8.6445E-06     1.7351E-07     5.1509E-05     3.4346E-05     3.3726E-05     0.0000E+00     3.5594E-02     7.5155E-05     2.3307E-02     1.3159E-04     9.9996E-02     3.3213E-02     5.8964E-04     6.6193E-02     6.8280E-05     6.1022E-03     1.5154E-02     0.0000E+00     1.3980E-02     5.6129E-03     8.2565E-03     1.8229E-02     3.8213E-03     3.4799E-04
  3.6490E+00     1.7180E+00     2.3776E-01     7.5486E-01     5.3300E-03     2.0592E-03     0.0000E+00     1.6340E-07     8.1394E-06     1.5221E-07     4.7472E-05     3.1771E-05     3.1400E-05     0.0000E+00     3.5135E-02     6.9169E-05     2.3264E-02     1.3930E-04     9.7194E-02     3.1193E-02     8.7168E-04     6.5129E-02     6.2888E-05     5.9608E-03     1.5249E-02     0.0000E+00     1.5022E-02     5.3260E-03     5.7521E-02     1.9098E-02     3.6257E-03     3.2247E-04
  3.7248E+00     1.6771E+00     2.3776E-01     7.5533E-01     5.0136E-03     1.9013E-03     0.0000E+00     1.6337E-07     7.5910E-06     1.3310E-07     4.3934E-05     2.9198E-05     2.9029E-05     0.0000E+00     3.2617E-02     6.1374E-05     2.0863E-02     1.1218E-04     9.7272E-02     2.9152E-02     3.0025E-03     6.5117E-02     5.8165E-05     5.8237E-03     1.5268E-02     0.0000E+00     1.5165E-02     5.1368E-03     3.5660E-02     1.8710E-02     3.4162E-03     2.9755E-04
  3.8018E+00     1.6372E+00     2.3776E-01     7.5575E-01     4.7456E-03     1.7470E-03     0.0000E+00     1.6337E-07     7.1779E-06     1.1512E-07     4.0314E-05     2.6868E-05     2.6689E-05     0.0000E+00     3.3124E-02     6.5371E-05     2.0264E-02     1.2812E-04     8.9769E-02     2.7055E-02     5.5263E-03     5.7188E-02     5.3343E-05     5.6615E-03     1.5277E-02     0.0000E+00     1.5724E-02     4.9244E-03     1.7722E-02     2.0641E-02     3.2405E-03     2.7474E-04
  3.8801E+00     1.5982E+00     2.3776E-01     7.5624E-01     4.3958E-03     1.6079E-03     0.0000E+00     1.3438E-07     6.6297E-06     9.8215E-08     3.7304E-05     2.4592E-05     2.4502E-05     0.0000E+00     3.1702E-02     5.9725E-05     1.9982E-02     1.2089E-04     9.0806E-02     2.5518E-02     1.9738E-03     6.3314E-02     4.9328E-05     5.5943E-03     1.5238E-02     0.0000E+00     1.5796E-02     4.7415E-03     6.0050E-03     2.0557E-02     3.0050E-03     2.5119E-04
  3.9597E+00     1.5601E+00     2.3776E-01     7.5669E-01     4.0833E-03     1.4706E-03     0.0000E+00     7.4674E-08     6.1952E-06     8.3535E-08     3.4382E-05     2.2304E-05     2.2333E-05     0.0000E+00     3.1302E-02     6.1204E-05     1.6976E-02     9.7895E-05     8.7253E-02     2.3251E-02     0.0000E+00     6.4002E-02     4.5438E-05     5.4623E-03     1.5186E-02     0.0000E+00     1.6753E-02     4.5463E-03     0.0000E+00     2.1188E-02     2.7953E-03     2.2937E-04
  4.0406E+00     1.5229E+00     2.3776E-01     7.5715E-01     3.7480E-03     1.3417E-03     0.0000E+00     7.4674E-08     5.7087E-06     7.0687E-08     3.1370E-05     2.0551E-05     2.0174E-05     0.0000E+00     3.0793E-02     5.3085E-05     2.1194E-02     1.4404E-04     9.4880E-02     2.1761E-02     3.9848E-04     7.2720E-02     4.1431E-05     5.4832E-03     1.5036E-02     0.0000E+00     1.6295E-02     4.3656E-03     7.6661E-02     1.9534E-02     2.5659E-03     2.1039E-04
  4.1228E+00     1.4866E+00     2.3776E-01     7.5753E-01     3.5135E-03     1.2049E-03     0.0000E+00     7.4674E-08     5.1623E-06     5.9015E-08     2.7947E-05     1.8851E-05     1.7945E-05     0.0000E+00     2.9149E-02     5.2806E-05     1.6905E-02     9.3082E-05     8.7190E-02     2.0134E-02     1.3755E-03     6.5681E-02     3.6893E-05     5.3653E-03     1.4893E-02     0.0000E+00     1.8046E-02     4.1250E-03     4.2844E-02     2.1794E-02     2.4134E-03     1.8919E-04
  4.2063E+00     1.4512E+00     2.3776E-01     7.5791E-01     3.2544E-03     1.0822E-03     0.0000E+00     7.4674E-08     4.8101E-06     4.9700E-08     2.5133E-05     1.7285E-05     1.5730E-05     0.0000E+00     2.8603E-02     5.3511E-05     1.7329E-02     1.1909E-04     9.1462E-02     1.8384E-02     2.2960E-03     7.0782E-02     3.3161E-05     5.3113E-03     1.4535E-02     0.0000E+00     1.6407E-02     3.8833E-03     3.0116E-02     1.9215E-02     2.2380E-03     1.7269E-04
  4.2912E+00     1.4166E+00     2.3776E-01     7.5829E-01     3.0004E-03     9.5642E-04     0.0000E+00     6.1443E-08     4.2646E-06     4.2530E-08     2.2659E-05     1.5065E-05     1.3667E-05     0.0000E+00     2.6651E-02     4.7623E-05     1.5485E-02     8.4322E-05     7.9489E-02     1.6825E-02     2.3397E-03     6.0325E-02     2.9882E-05     5.0211E-03     1.4289E-02     0.0000E+00     1.7122E-02     3.6205E-03     2.7335E-02     2.0492E-02     2.0682E-03     1.5429E-04
  4.3775E+00     1.3828E+00     2.3776E-01     7.5865E-01     2.7399E-03     8.4971E-04     0.0000E+00     6.1443E-08     3.8992E-06     3.6486E-08     2.0308E-05     1.3509E-05     1.1839E-05     0.0000E+00     2.5204E-02     4.3306E-05     1.4538E-02     1.1192E-04     8.0683E-02     1.5468E-02     2.2861E-03     6.2929E-02     2.6769E-05     4.9306E-03     1.3933E-02     0.0000E+00     1.5988E-02     3.4080E-03     1.2479E-02     1.9208E-02     1.8919E-03     1.3773E-04
  4.4652E+00     1.3498E+00     2.3776E-01     7.5901E-01     2.4885E-03     7.4397E-04     0.0000E+00     1.5650E-08     3.3359E-06     3.0924E-08     1.8260E-05     1.1567E-05     1.0149E-05     0.0000E+00     2.3850E-02     3.6474E-05     1.3548E-02     8.6874E-05     7.0997E-02     1.4170E-02     0.0000E+00     5.6827E-02     2.4057E-05     4.6482E-03     1.3641E-02     0.0000E+00     1.5856E-02     3.2248E-03     0.0000E+00     1.9006E-02     1.7207E-03     1.2264E-04
  4.5543E+00     1.3175E+00     2.3776E-01     7.5933E-01     2.2648E-03     6.5312E-04     0.0000E+00     1.5650E-08     2.9921E-06     2.5883E-08     1.6141E-05     1.0245E-05     8.7083E-06     0.0000E+00     2.2767E-02     3.4293E-05     1.2457E-02     7.6259E-05     7.0188E-02     1.2677E-02     0.0000E+00     5.7510E-02     2.1257E-05     4.5236E-03     1.3333E-02     0.0000E+00     1.5212E-02     2.9726E-03     0.0000E+00     1.7910E-02     1.5691E-03     1.0854E-04
  4.6449E+00     1.2861E+00     2.3776E-01     7.5963E-01     2.0493E-03     5.6544E-04     0.0000E+00     1.5650E-08     2.6753E-06     2.2025E-08     1.4317E-05     8.6909E-06     7.3745E-06     0.0000E+00     2.1296E-02     2.8238E-05     1.1891E-02     8.3860E-05     6.2076E-02     1.1272E-02     4.4001E-06     5.0800E-02     1.8848E-05     4.2409E-03     1.3042E-02     0.0000E+00     1.4084E-02     2.8445E-03     4.0224E-02     1.6575E-02     1.4223E-03     9.5688E-05
  4.7369E+00     1.2554E+00     2.3776E-01     7.5993E-01     1.8243E-03     4.8973E-04     0.0000E+00     1.5650E-08     2.3126E-06     1.8267E-08     1.2836E-05     7.1701E-06     6.3082E-06     0.0000E+00     1.9614E-02     2.2780E-05     1.0186E-02     6.5029E-05     5.8431E-02     1.0222E-02     3.6195E-04     4.7848E-02     1.6891E-05     3.9303E-03     1.2881E-02     0.0000E+00     1.2797E-02     2.6524E-03     3.1078E-02     1.4826E-02     1.2685E-03     8.2852E-05
  4.8305E+00     1.2254E+00     2.3776E-01     7.6018E-01     1.6418E-03     4.2015E-04     0.0000E+00     1.5650E-08     1.9987E-06     1.5101E-08     1.1011E-05     6.1470E-06     5.4178E-06     0.0000E+00     1.8262E-02     1.8196E-05     1.0683E-02     7.6536E-05     4.6208E-02     8.9569E-03     1.2602E-03     3.5991E-02     1.4485E-05     3.7440E-03     1.2895E-02     0.0000E+00     1.2211E-02     2.5767E-03     1.6462E-02     1.4459E-02     1.1434E-03     7.2761E-05
  4.9256E+00     1.1961E+00     2.3776E-01     7.6042E-01     1.4593E-03     3.6643E-04     0.0000E+00     1.5650E-08     1.6944E-06     1.1926E-08     9.7421E-06     5.1853E-06     4.7618E-06     0.0000E+00     1.5714E-02     1.5983E-05     8.1120E-03     5.0263E-05     3.7085E-02     8.0780E-03     1.0825E-03     2.7924E-02     1.2811E-05     3.5532E-03     1.2995E-02     0.0000E+00     1.3988E-02     2.5257E-03     7.7103E-03     1.7548E-02     1.0185E-03     6.2527E-05
  5.0222E+00     1.1676E+00     2.3776E-01     7.6064E-01     1.2817E-03     3.2434E-04     0.0000E+00     0.0000E+00     1.5360E-06     9.3523E-09     8.4364E-06     4.8183E-06     4.1731E-06     0.0000E+00     1.4960E-02     1.5140E-05     6.8542E-03     4.1367E-05     3.7748E-02     6.8558E-03     0.0000E+00     3.0892E-02     1.1091E-05     3.7592E-03     1.2866E-02     0.0000E+00     1.4729E-02     2.3932E-03     0.0000E+00     1.7466E-02     8.9434E-04     5.5089E-05
  5.1204E+00     1.1397E+00     2.3776E-01     7.6085E-01     1.1133E-03     2.8251E-04     0.0000E+00     0.0000E+00     1.4023E-06     7.2137E-09     7.3229E-06     4.3002E-06     3.5570E-06     0.0000E+00     1.3684E-02     1.4265E-05     7.8785E-03     6.1543E-05     3.9510E-02     6.0784E-03     0.0000E+00     3.3432E-02     9.6246E-06     3.8626E-03     1.2590E-02     0.0000E+00     1.2010E-02     2.3888E-03     0.0000E+00     1.3760E-02     7.7680E-04     4.7867E-05
  5.2202E+00     1.1124E+00     2.3776E-01     7.6102E-01     9.8949E-04     2.3977E-04     0.0000E+00     0.0000E+00     1.1723E-06     5.9683E-09     6.3381E-06     3.5020E-06     3.0437E-06     0.0000E+00     1.2704E-02     1.3430E-05     6.2222E-03     3.7592E-05     2.8375E-02     5.3109E-03     0.0000E+00     2.3064E-02     8.3284E-06     3.5391E-03     1.2694E-02     0.0000E+00     1.4685E-02     2.2491E-03     0.0000E+00     1.7548E-02     6.9177E-04     4.1185E-05
  5.3216E+00     1.0858E+00     2.3776E-01     7.6119E-01     8.4096E-04     2.0981E-04     0.0000E+00     0.0000E+00     1.0343E-06     4.6561E-09     5.5265E-06     3.1434E-06     2.6037E-06     0.0000E+00     1.1730E-02     1.1322E-05     4.8149E-03     2.4909E-05     2.8516E-02     4.3341E-03     0.0000E+00     2.4182E-02     7.2604E-06     3.7379E-03     1.2410E-02     0.0000E+00     1.6134E-02     2.0946E-03     0.0000E+00     1.8650E-02     5.8755E-04     3.5391E-05
  5.4247E+00     1.0599E+00     2.3776E-01     7.6135E-01     7.1599E-04     1.8041E-04     0.0000E+00     0.0000E+00     9.4128E-07     3.6166E-09     4.5743E-06     2.9903E-06     2.1293E-06     0.0000E+00     1.0183E-02     9.3382E-06     5.8330E-03     4.8418E-05     3.6288E-02     3.6525E-03     0.0000E+00     3.2636E-02     6.0081E-06     4.1765E-03     1.1803E-02     0.0000E+00     1.2472E-02     2.0134E-03     0.0000E+00     1.3643E-02     4.9986E-04     3.0499E-05
  5.5295E+00     1.0345E+00     2.3776E-01     7.6146E-01     6.4399E-04     1.4389E-04     0.0000E+00     0.0000E+00     7.8774E-07     2.8383E-09     3.5763E-06     2.4813E-06     1.6738E-06     0.0000E+00     9.4005E-03     8.4636E-06     5.6206E-03     5.1087E-05     2.9614E-02     3.3463E-03     0.0000E+00     2.6268E-02     4.6966E-06     3.8530E-03     1.1633E-02     0.0000E+00     9.6729E-03     2.1149E-03     0.0000E+00     1.0636E-02     4.5176E-04     2.5270E-05
  5.6360E+00     1.0098E+00     2.3776E-01     7.6156E-01     5.6621E-04     1.1479E-04     0.0000E+00     0.0000E+00     5.7432E-07     2.1809E-09     3.0046E-06     1.7712E-06     1.3924E-06     0.0000E+00     8.3219E-03     7.9839E-06     3.7487E-03     2.9872E-05     1.7297E-02     2.9302E-03     0.0000E+00     1.4366E-02     3.9453E-06     3.1281E-03     1.2129E-02     0.0000E+00     1.1076E-02     2.0727E-03     0.0000E+00     1.2912E-02     3.9919E-04     2.0221E-05
  5.7442E+00     9.8566E-01     2.3776E-01     7.6168E-01     4.6551E-04     9.8204E-05     0.0000E+00     0.0000E+00     4.7723E-07     1.9272E-09     2.5732E-06     1.4950E-06     1.2086E-06     0.0000E+00     6.8357E-03     6.3181E-06     3.3327E-03     2.0254E-05     1.5413E-02     2.5376E-03     0.0000E+00     1.2875E-02     3.3783E-06     3.2114E-03     1.2307E-02     0.0000E+00     1.1834E-02     1.9255E-03     0.0000E+00     1.3787E-02     3.2843E-04     1.6391E-05
  5.8542E+00     9.6209E-01     2.3776E-01     7.6176E-01     3.9655E-04     8.3773E-05     0.0000E+00     0.0000E+00     4.2023E-07     1.3109E-09     2.1337E-06     1.3298E-06     1.0379E-06     0.0000E+00     5.9241E-03     4.8457E-06     1.8375E-03     1.2445E-05     1.3542E-02     2.0739E-03     0.0000E+00     1.1468E-02     2.8010E-06     3.3534E-03     1.2389E-02     0.0000E+00     1.5067E-02     1.7515E-03     0.0000E+00     1.7475E-02     2.8015E-04     1.3584E-05
  5.9659E+00     9.3908E-01     2.3776E-01     7.6184E-01     3.2917E-04     7.1396E-05     0.0000E+00     0.0000E+00     3.8204E-07     1.0468E-09     1.7447E-06     1.2403E-06     8.5137E-07     0.0000E+00     5.0629E-03     3.7278E-06     3.1402E-03     2.2628E-05     1.4127E-02     1.6553E-03     0.0000E+00     1.2472E-02     2.2900E-06     3.7679E-03     1.1925E-02     0.0000E+00     1.4521E-02     1.6583E-03     0.0000E+00     1.6228E-02     2.3168E-04     1.2150E-05
  6.0795E+00     9.1661E-01     2.3776E-01     7.6190E-01     2.8992E-04     5.8791E-05     0.0000E+00     0.0000E+00     3.1891E-07     5.5857E-10     1.3831E-06     1.1076E-06     6.6834E-07     0.0000E+00     4.9932E-03     3.3791E-06     2.5823E-03     1.7267E-05     1.5031E-02     1.4544E-03     0.0000E+00     1.3577E-02     1.8153E-06     3.8202E-03     1.1368E-02     0.0000E+00     1.1709E-02     1.5280E-03     0.0000E+00     1.2800E-02     2.0415E-04     1.0606E-05
  6.1950E+00     8.9469E-01     2.3776E-01     7.6195E-01     2.5048E-04     4.5700E-05     0.0000E+00     0.0000E+00     2.7333E-07     2.9802E-10     1.1359E-06     8.0467E-07     5.1506E-07     0.0000E+00     4.6395E-03     3.1004E-06     2.5659E-03     1.7125E-05     9.4341E-03     1.2745E-03     0.0000E+00     8.1596E-03     1.4907E-06     3.2126E-03     1.1270E-02     0.0000E+00     1.3517E-02     1.4048E-03     0.0000E+00     1.5409E-02     1.7674E-04     8.7963E-06
  6.3123E+00     8.7328E-01     2.3776E-01     7.6200E-01     2.0524E-04     3.7679E-05     0.0000E+00     0.0000E+00     2.2525E-07     2.2011E-10     9.3740E-07     6.8054E-07     4.0663E-07     0.0000E+00     4.0235E-03     2.9247E-06     1.7189E-03     9.6475E-06     8.4229E-03     9.7767E-04     0.0000E+00     7.4452E-03     1.2302E-06     3.3159E-03     1.0792E-02     0.0000E+00     1.3619E-02     1.2976E-03     0.0000E+00     1.5237E-02     1.4439E-04     7.6407E-06
  6.4315E+00     8.5238E-01     2.3776E-01     7.6205E-01     1.6241E-04     3.0689E-05     0.0000E+00     0.0000E+00     1.9893E-07     1.4471E-10     7.8928E-07     5.4826E-07     3.1143E-07     0.0000E+00     3.7090E-03     2.6130E-06     1.8029E-03     1.6892E-05     1.0517E-02     8.1150E-04     0.0000E+00     9.7051E-03     1.0357E-06     3.3758E-03     1.0148E-02     0.0000E+00     8.3632E-03     1.0739E-03     0.0000E+00     8.9727E-03     1.1405E-04     6.2556E-06
  6.5527E+00     8.3199E-01     2.3776E-01     7.6209E-01     1.3107E-04     2.2168E-05     0.0000E+00     0.0000E+00     1.1091E-07     1.2215E-10     6.0836E-07     3.4263E-07     2.4017E-07     0.0000E+00     3.0492E-03     1.5107E-06     1.3752E-03     7.1802E-06     5.6559E-03     6.6928E-04     0.0000E+00     4.9866E-03     7.9828E-07     2.6142E-03     1.0834E-02     0.0000E+00     8.8300E-03     1.3999E-03     0.0000E+00     9.8273E-03     9.1905E-05     5.1813E-06
  6.6759E+00     8.1208E-01     2.3776E-01     7.6212E-01     1.0513E-04     1.7696E-05     0.0000E+00     0.0000E+00     9.3603E-08     4.0082E-11     4.5607E-07     2.9409E-07     2.0068E-07     0.0000E+00     1.8479E-03     7.2490E-07     1.3011E-03     8.4883E-06     4.1092E-03     5.5761E-04     0.0000E+00     3.5516E-03     5.9843E-07     2.7976E-03     1.1341E-02     0.0000E+00     1.1050E-02     1.4225E-03     0.0000E+00     1.2562E-02     7.3907E-05     3.9638E-06
  6.8010E+00     7.9264E-01     2.3776E-01     7.6214E-01     9.2858E-05     1.4524E-05     0.0000E+00     0.0000E+00     7.3711E-08     2.4852E-11     3.3550E-07     2.7927E-07     1.6563E-07     0.0000E+00     1.7714E-03     8.3384E-07     1.1008E-03     7.1386E-06     4.7754E-03     5.2954E-04     0.0000E+00     4.2459E-03     4.4020E-07     3.0075E-03     1.1404E-02     0.0000E+00     9.5995E-03     1.2431E-03     0.0000E+00     1.0642E-02     6.5443E-05     3.3405E-06
  6.9283E+00     7.7367E-01     2.3776E-01     7.6215E-01     8.3408E-05     1.0925E-05     0.0000E+00     0.0000E+00     5.6908E-08     2.4852E-11     2.3179E-07     2.2416E-07     1.3108E-07     0.0000E+00     1.4475E-03     7.6845E-07     5.3013E-04     2.7690E-06     2.7441E-03     4.2827E-04     0.0000E+00     2.3158E-03     3.0413E-07     2.6875E-03     1.1998E-02     0.0000E+00     1.3448E-02     1.1363E-03     0.0000E+00     1.5724E-02     5.9126E-05     2.6577E-06
  7.0575E+00     7.5515E-01     2.3776E-01     7.6217E-01     6.8973E-05     8.9065E-06     0.0000E+00     0.0000E+00     5.0630E-08     2.4852E-11     1.8182E-07     1.9282E-07     1.0394E-07     0.0000E+00     1.2566E-03     2.2800E-07     6.1139E-04     3.6333E-06     2.5297E-03     3.5623E-04     0.0000E+00     2.1735E-03     2.3855E-07     2.7955E-03     1.1670E-02     0.0000E+00     1.2690E-02     1.0594E-03     0.0000E+00     1.4596E-02     4.8913E-05     2.1781E-06
  7.1889E+00     7.3707E-01     2.3776E-01     7.6218E-01     5.8015E-05     7.0903E-06     0.0000E+00     0.0000E+00     4.2598E-08     0.0000E+00     1.4181E-07     1.5828E-07     8.0890E-08     0.0000E+00     1.0000E-03     9.7158E-08     3.8378E-04     1.9929E-06     1.6389E-03     2.9534E-04     0.0000E+00     1.3436E-03     1.8606E-07     2.7282E-03     1.1409E-02     0.0000E+00     1.8859E-02     1.0607E-03     0.0000E+00     2.2772E-02     4.1253E-05     1.7215E-06
  7.3225E+00     7.1943E-01     2.3776E-01     7.6219E-01     4.6448E-05     5.9416E-06     0.0000E+00     0.0000E+00     3.8192E-08     0.0000E+00     1.0144E-07     1.5859E-07     5.9227E-08     0.0000E+00     9.4194E-04     9.2881E-07     1.6943E-04     4.6355E-07     2.0377E-03     2.2056E-04     0.0000E+00     1.8171E-03     1.3309E-07     3.4145E-03     9.9681E-03     0.0000E+00     1.5462E-02     9.1133E-04     0.0000E+00     1.7228E-02     3.3084E-05     1.3216E-06
  7.4582E+00     7.0220E-01     2.3776E-01     7.6220E-01     3.6612E-05     4.5476E-06     0.0000E+00     0.0000E+00     3.7292E-08     0.0000E+00     7.7113E-08     1.2957E-07     3.7671E-08     0.0000E+00     1.1144E-03     5.2861E-07     4.1912E-04     1.7398E-06     2.9918E-03     1.5179E-04     0.0000E+00     2.8400E-03     1.0117E-07     3.5390E-03     8.2839E-03     0.0000E+00     8.1380E-03     5.2554E-04     0.0000E+00     8.5448E-03     2.6046E-05     1.0739E-06
  7.5961E+00     6.8539E-01     2.3776E-01     7.6221E-01     2.7228E-05     2.5497E-06     0.0000E+00     0.0000E+00     3.3863E-08     0.0000E+00     5.2125E-08     6.3466E-08     2.1413E-08     0.0000E+00     9.2516E-04     2.7251E-07     4.0869E-04     6.2955E-06     1.1629E-03     1.2678E-04     0.0000E+00     1.0361E-03     6.8386E-08     2.3309E-03     8.3982E-03     0.0000E+00     7.7804E-03     5.4795E-04     0.0000E+00     8.6654E-03     1.9471E-05     6.9803E-07
  7.7363E+00     6.6898E-01     2.3776E-01     7.6223E-01     1.5541E-05     1.7917E-06     0.0000E+00     0.0000E+00     1.0534E-08     0.0000E+00     4.4677E-08     3.6079E-08     1.5515E-08     0.0000E+00     5.8050E-04     1.5257E-07     8.9510E-05     1.7205E-07     6.4044E-04     6.5095E-05     0.0000E+00     5.7535E-04     5.8614E-08     2.3216E-03     8.6596E-03     0.0000E+00     1.3239E-02     5.3719E-04     0.0000E+00     1.4676E-02     1.1097E-05     4.1437E-07
  7.8787E+00     6.5296E-01     2.3776E-01     7.6223E-01     8.7223E-06     1.3842E-06     0.0000E+00     0.0000E+00     1.0231E-08     0.0000E+00     3.0833E-08     3.3424E-08     1.0121E-08     0.0000E+00     1.1354E-04     2.8362E-08     1.4580E-05     3.2521E-09     8.3420E-04     3.4063E-05     0.0000E+00     8.0014E-04     4.0451E-08     3.8320E-03     7.3117E-03     0.0000E+00     8.2194E-03     4.4451E-04     0.0000E+00     8.5504E-03     6.2408E-06     2.2014E-07
  8.0235E+00     6.3732E-01     2.3776E-01     7.6224E-01     8.6221E-06     8.6619E-07     0.0000E+00     0.0000E+00     1.0231E-08     0.0000E+00     2.2048E-08     1.8631E-08     5.8630E-09     0.0000E+00     2.7208E-04     7.8451E-08     1.5482E-04     2.5254E-06     4.1725E-04     2.8973E-05     0.0000E+00     3.8827E-04     2.8926E-08     2.1609E-03     6.7688E-03     0.0000E+00     6.8701E-03     2.8900E-04     0.0000E+00     7.3612E-03     6.2127E-06     1.7399E-07
  8.1707E+00     6.2206E-01     2.3776E-01     7.6224E-01     5.4470E-06     6.1324E-07     0.0000E+00     0.0000E+00     3.7000E-09     0.0000E+00     1.5632E-08     1.3194E-08     4.1253E-09     0.0000E+00     2.0984E-04     2.8163E-08     7.2381E-06     9.1633E-10     3.4175E-04     1.9083E-05     0.0000E+00     3.2267E-04     2.0508E-08     2.4222E-03     6.7270E-03     0.0000E+00     9.2613E-03     2.5707E-04     0.0000E+00     9.7938E-03     3.9264E-06     1.0841E-07
  8.3202E+00     6.0716E-01     2.3776E-01     7.6224E-01     3.2829E-06     4.1103E-07     0.0000E+00     0.0000E+00     3.7000E-09     0.0000E+00     9.5304E-09     1.0303E-08     2.2525E-09     0.0000E+00     1.4414E-04     1.9130E-08     1.0906E-04     1.1207E-06     3.0132E-04     6.8852E-06     0.0000E+00     2.9443E-04     1.2503E-08     3.1383E-03     5.4802E-03     0.0000E+00     5.4647E-03     1.8153E-04     0.0000E+00     5.5883E-03     2.3697E-06     6.2043E-08
  8.4722E+00     5.9262E-01     2.3776E-01     7.6224E-01     1.9886E-06     2.3700E-07     0.0000E+00     0.0000E+00     1.4112E-09     0.0000E+00     6.3189E-09     5.1141E-09     1.3015E-09     0.0000E+00     1.2047E-04     6.1682E-09     1.5598E-06     1.3670E-10     1.5185E-04     5.7326E-06     0.0000E+00     1.4612E-04     8.2898E-09     2.5717E-03     5.4915E-03     0.0000E+00     9.7336E-03     1.0538E-04     0.0000E+00     1.0111E-02     1.4454E-06     2.7626E-08
  8.6266E+00     5.7843E-01     2.3776E-01     7.6224E-01     9.2607E-07     1.5139E-07     0.0000E+00     0.0000E+00     1.4112E-09     0.0000E+00     2.2746E-09     5.3916E-09     4.6818E-10     0.0000E+00     1.3133E-04     5.1964E-10     1.0492E-04     7.2981E-07     2.6132E-04     3.0491E-06     0.0000E+00     2.5827E-04     2.9841E-09     5.8220E-03     3.0926E-03     0.0000E+00     3.1864E-03     3.8366E-05     0.0000E+00     3.2235E-03     6.7320E-07     1.2776E-08
  8.7836E+00     5.6457E-01     2.3776E-01     7.6224E-01     0.0000E+00     7.5887E-09     0.0000E+00     0.0000E+00     3.7026E-11     0.0000E+00     3.9777E-10     0.0000E+00     9.9862E-12     0.0000E+00     2.2049E-05     1.7218E-14     2.0498E-05     2.4753E-08     1.4128E-05     3.4181E-07     0.0000E+00     1.3786E-05     5.2184E-10     0.0000E+00     1.3159E-03     0.0000E+00     1.3159E-03     2.6175E-05     0.0000E+00     1.3479E-03     0.0000E+00     0.0000E+00
  8.9432E+00     5.5105E-01     2.3776E-01     7.6224E-01     0.0000E+00     0.0000E+00     0.0000E+00     0.0000E+00     0.0000E+00     0.0000E+00     0.0000E+00     0.0000E+00     0.0000E+00     0.0000E+00     0.0000E+00     0.0000E+00     0.0000E+00     0.0000E+00     0.0000E+00     0.0000E+00     0.0000E+00     0.0000E+00     0.0000E+00     0.0000E+00     0.0000E+00     0.0000E+00     0.0000E+00     0.0000E+00     0.0000E+00     0.0000E+00     0.0000E+00     0.0000E+00
  9.1053E+00     5.3785E-01     2.3776E-01     7.6224E-01     0.0000E+00     0.0000E+00     0.0000E+00     0.0000E+00     0.0000E+00     0.0000E+00     0.0000E+00     0.0000E+00     0.0000E+00     0.0000E+00     0.0000E+00     0.0000E+00     0.0000E+00     0.0000E+00     0.0000E+00     0.0000E+00     0.0000E+00     0.0000E+00     0.0000E+00     0.0000E+00     0.0000E+00     0.0000E+00     0.0000E+00     0.0000E+00     0.0000E+00     0.0000E+00     0.0000E+00     0.0000E+00
  9.2701E+00     5.2497E-01     2.3776E-01     7.6224E-01     0.0000E+00     0.0000E+00     0.0000E+00     0.0000E+00     0.0000E+00     0.0000E+00     0.0000E+00     0.0000E+00     0.0000E+00     0.0000E+00     0.0000E+00     0.0000E+00     0.0000E+00     0.0000E+00     0.0000E+00     0.0000E+00     0.0000E+00     0.0000E+00     0.0000E+00     0.0000E+00     0.0000E+00     0.0000E+00     0.0000E+00     0.0000E+00     0.0000E+00     0.0000E+00     0.0000E+00     0.0000E+00
  9.4376E+00     5.1239E-01     2.3776E-01     7.6224E-01     0.0000E+00     0.0000E+00     0.0000E+00     0.0000E+00     0.0000E+00     0.0000E+00     0.0000E+00     0.0000E+00     0.0000E+00     0.0000E+00     0.0000E+00     0.0000E+00     0.0000E+00     0.0000E+00     0.0000E+00     0.0000E+00     0.0000E+00     0.0000E+00     0.0000E+00     0.0000E+00     0.0000E+00     0.0000E+00     0.0000E+00     0.0000E+00     0.0000E+00     0.0000E+00     0.0000E+00     0.0000E+00
  9.6078E+00     5.0011E-01     2.3776E-01     7.6224E-01     0.0000E+00     0.0000E+00     0.0000E+00     0.0000E+00     0.0000E+00     0.0000E+00     0.0000E+00     0.0000E+00     0.0000E+00     0.0000E+00     0.0000E+00     0.0000E+00     0.0000E+00     0.0000E+00     0.0000E+00     0.0000E+00     0.0000E+00     0.0000E+00     0.0000E+00     0.0000E+00     0.0000E+00     0.0000E+00     0.0000E+00     0.0000E+00     0.0000E+00     0.0000E+00     0.0000E+00     0.0000E+00
  9.7808E+00     4.8813E-01     2.3776E-01     7.6224E-01     0.0000E+00     0.0000E+00     0.0000E+00     0.0000E+00     0.0000E+00     0.0000E+00     0.0000E+00     0.0000E+00     0.0000E+00     0.0000E+00     0.0000E+00     0.0000E+00     0.0000E+00     0.0000E+00     0.0000E+00     0.0000E+00     0.0000E+00     0.0000E+00     0.0000E+00     0.0000E+00     0.0000E+00     0.0000E+00     0.0000E+00     0.0000E+00     0.0000E+00     0.0000E+00     0.0000E+00     0.0000E+00
